0.0478659
0.0623481
0.0493491
0.050208
0.0501557
0.0513477
0.0436186
0.0429395
0.0519754
0.0611475
0.0635682
0.0591555
0.0577376
0.0573049
0.0391539
0.048831
0.0371107
0.0560524
0.0445465
0.0424871
0.0441685
0.0485451
0.0445306
0.0607923
0.0424032
0.0494943
0.0529129
0.0422232
0.0502187
0.041131
0.0447175
0.0417285
0.0483399
0.0407129
0.0426828
0.0400477
0.0454424
0.0448894
0.053341
0.0440687
0.0455642
0.0550523
0.0400232
0.0421864
0.058387
0.0490152
0.0483433
0.0445233
0.0520463
0.0441075
0.0456366
0.0460067
0.0465969
0.0401289
0.041935
0.0446798
0.040984
0.0421907
0.046285
0.0379105
0.0466924
0.0393122
0.0367764
0.0364668
0.0371123
0.0388981
0.049854
0.0350219
0.0429619
0.0387904
0.0398827
0.0382069
0.0436037
0.0321458
0.0455298
0.0351128
0.0513832
0.0399484
0.0380746
0.0447923
0.0363033
0.0386499
0.0418888
0.0382493
0.0396871
0.0415
0.0383785
0.0404085
0.0418448
0.0429844
0.0413081
0.0359909
0.0374392
0.038975
0.0299169
0.0445343
0.0358106
0.0415066
0.0388031
0.0317757
0.0423355
0.0419366
0.0391752
0.036817
0.0412784
0.0371651
0.0472391
0.0329034
0.0407964
0.0374215
0.0464656
0.0403427
0.037383
0.0432568
0.0333379
0.0425427
0.0426657
0.0388307
0.0314616
0.0393292
0.0377639
0.0384504
0.0396102
0.0399269
0.0424731
0.0312203
0.0334363
0.0375152
0.0369635
0.0440877
0.037571
0.0370412
0.0333059
0.041985
0.0337788
0.0424281
0.0315602
0.0322239
0.0326627
0.0440501
0.0338636
0.0340155
0.0352747
0.0373362
0.0329452
0.039108
0.0345652
0.0462607
0.0409066
0.0397204
0.0399559
0.0409514
0.0374964
0.0335712
0.0429185
0.0299231
0.0403445
0.0446198
0.0329787
0.0314432
0.0323853
0.0357459
0.0300397
0.0401611
0.0393196
0.0246431
0.0395674
0.0380874
0.0321289
0.0375186
0.0306072
0.0429439
0.0367964
0.0344262
0.0379287
0.0366958
0.0422166
0.0336745
0.0352074
0.0313021
0.0359919
0.0412534
0.0342883
0.036267
0.0342647
0.0347858
0.0399303
0.0384511
0.0379183
0.0388984
0.0304775
0.0372019
0.0382337
0.0391265
0.0433089
0.0366536
0.033885
0.0366971
0.0507944
0.0455262
0.0342811
0.0347634
0.035239
0.0377589
0.0366313
0.0420309
0.0324963
0.0332648
0.0472823
0.0389796
0.034157
0.0411916
0.0276268
0.0378674
0.0416588
0.0410049
0.0374526
0.0370366
0.0371082
0.0385511
0.0398458
0.0377256
0.0396549
0.0355514
0.0362343
0.035807
0.0375906
0.0324405
0.0384496
0.032645
0.042669
0.0436765
0.0360359
0.0424132
0.0340631
0.0394798
0.0313845
0.043779
0.0386821
0.0319242
0.0338331
0.0350658
0.0388148
0.0347617
0.0329292
0.041764
0.0455131
0.0317462
0.0282517
0.0359226
0.04321
0.0409712
0.0322528
0.0368019
0.0362124
0.0334784
0.0362864
0.0312394
0.0390938
0.0479451
0.038091
0.0417311
0.0386691
0.0372751
0.0339703
0.0301385
0.0369071
0.0400998
0.0417312
0.050815
0.039547
0.0444965
0.0385407
0.029358
0.0372501
0.0376662
0.0417584
0.0340134
0.0249815
0.034304
0.0258165
0.0402036
0.0382744
0.0400478
0.0357802
