0.0525419
0.0433705
0.0390747
0.0567895
0.0550175
0.0458976
0.0429577
0.0452089
0.0474058
0.0499063
0.0371701
0.0447716
0.0495211
0.037229
0.0499609
0.039431
0.0481297
0.0507054
0.0468326
0.05142
0.0408877
0.0389086
0.0416564
0.0440266
0.0433365
0.0555749
0.0472434
0.0450142
0.0471864
0.0518634
0.0366801
0.0363988
0.0357652
0.0499633
0.0440394
0.0446897
0.0436233
0.0517327
0.0401931
0.0442643
0.0349762
0.0355734
0.0391075
0.0523509
0.0517809
0.0390764
0.0404631
0.0389039
0.0385896
0.0466546
0.0523195
0.0343903
0.0434684
0.0374762
0.0364403
0.0567822
0.0440331
0.039963
0.0393814
0.0378744
0.0399205
0.0341808
0.0453452
0.0374001
0.0381943
0.0359334
0.0404389
0.0440206
0.0443039
0.0360207
0.0473046
0.0386344
0.0372552
0.0414858
0.0291409
0.0423746
0.0332857
0.0356566
0.0432401
0.0465633
0.045174
0.0370551
0.0432288
0.0367453
0.0385183
0.0336744
0.0351034
0.0431021
0.0457622
0.0349298
0.0335777
0.0551114
0.0338554
0.0452206
0.0386503
0.0360512
0.0412991
0.0379944
0.0374868
0.0325221
0.047385
0.0402723
0.0407615
0.0383363
0.0430075
0.0317608
0.0397939
0.0376618
0.0331747
0.0366631
0.0473249
0.0408255
0.0468333
0.0326621
0.0387929
0.0316848
0.0377397
0.0484711
0.0384061
0.0434722
0.0341608
0.0421492
0.0437841
0.0414983
0.0361856
0.039256
0.0344182
0.0486427
0.0399344
0.043071
0.0330962
0.0392113
0.0438783
0.0384761
0.0373313
0.0340013
0.0343957
0.0314789
0.048424
0.0401562
0.0424688
0.0318278
0.0424162
0.0385881
0.0440753
0.0374995
0.0364194
0.0319053
0.0423298
0.0374964
0.0378512
0.0427342
0.0306517
0.0400196
0.030104
0.036808
0.0385638
0.0499102
0.0435404
0.0377537
0.0470092
0.0420061
0.0374912
0.030605
0.0358279
0.0364801
0.0398105
0.0328361
0.0472496
0.0383255
0.0320246
0.036214
0.0334469
0.0397756
0.032218
0.0399567
0.0443593
0.0410668
0.0369562
0.0358698
0.0345067
0.0365363
0.0474477
0.0380421
0.0335189
0.0326972
0.0394138
0.0322863
0.0428305
0.0416736
0.0414651
0.0347394
0.0394344
0.0406047
0.0343177
0.0255807
0.0374283
0.0566658
0.0428539
0.0414149
0.0408739
0.0356959
0.0390386
0.0370171
0.0340593
0.0405842
0.03459
0.0380482
0.0394335
0.034878
0.0391294
0.0428333
0.038003
0.031319
0.0349158
0.0358164
0.0303598
0.0390408
0.0384865
0.033587
0.0357093
0.0384827
0.0320254
0.040179
0.0373711
0.0392179
0.0337886
0.0423534
0.0423231
0.0363405
0.0332726
0.0406396
0.0322868
0.0339699
0.0382362
0.0364931
0.0381005
0.0368053
0.0376192
0.045309
0.0425306
0.0396553
0.0329424
0.0381008
0.0417998
0.0346554
0.0388017
0.0438392
0.0360435
0.0371245
0.0356725
0.0373952
0.0412986
0.0407018
0.031485
0.030852
0.0335266
0.0376592
0.0415814
0.0324022
0.0325342
0.0319538
0.0374557
0.0363001
0.0409718
0.0318902
0.0389867
0.0316865
0.03453
0.0338997
0.0338027
0.0329485
0.0459484
0.0348042
0.0359439
0.0341267
0.0375411
0.0371613
0.0402402
0.0334774
0.0349439
0.0411816
0.0352838
0.0446854
0.0341171
0.0521176
0.0355477
0.0379255
0.0361607
0.0325517
0.0365712
0.0324245
0.0406823
0.0337303
0.0351972
0.032949
0.0290809
0.0289445
0.0345275
0.041302
0.0384545
0.0314087
0.0374992
0.0424316
0.0345686
0.0312227
0.0385845
0.0399377
0.0398978
0.0345446
0.0292131
0.0344566
0.0425272
0.0357204
0.0318341
0.0428195
0.0351705
0.0320439
0.0382449
0.0363093
0.0386951
0.0419882
0.0394814
0.0396845
0.0382748
0.043143
0.0399328
0.0410764
0.0379255
0.0397253
0.0358715
0.03862
0.0418478
0.0384166
0.0475436
0.0369884
0.040449
0.0372235
0.0330337
0.0374594
0.0338483
0.0378776
0.0380161
0.0398802
0.0344815
0.0420545
0.0427652
0.0350522
0.038845
0.0434074
0.0370806
0.0363429
0.025404
0.0343488
0.0355571
0.0454091
0.0354323
0.0386706
0.0311437
0.0387862
0.0358129
0.0430848
0.0271427
0.0401712
0.0389479
0.0501519
0.04188
0.0396243
0.0279482
0.0363951
0.0303853
0.0366085
0.0441577
0.0466659
0.033372
0.0300923
0.0378943
0.0424962
0.0342033
0.0395325
0.0354311
0.0376983
0.0416197
0.0331483
0.046307
0.0420329
0.0453514
0.0367062
0.0451126
0.0465376
0.0421201
0.0315
0.0378384
0.0393572
0.0513191
0.0397468
0.0372523
0.0402589
0.0387251
0.0406018
0.0334413
0.0370944
0.0362432
0.0393317
0.0382042
0.0403856
0.0328101
0.0316627
0.0382041
0.0383999
0.0390193
0.0375028
0.0365186
0.0363922
0.0388313
0.0340063
0.0367322
0.0446899
0.032894
0.0417041
0.0430097
0.0338689
0.0351816
0.0316474
0.0392184
0.0365515
0.0357155
0.0350223
0.0397167
0.0413011
0.0430176
0.0352662
0.042743
0.0464603
0.0410582
0.0316092
0.0442811
0.0423464
0.0482348
0.0415492
0.0357317
0.0366313
0.0420453
0.0459265
0.0406153
0.0435993
0.0303561
0.0350595
0.0269128
0.0390358
0.0388402
0.0352489
0.0350166
0.037178
0.0378761
0.0362994
0.0351544
0.0438709
0.0362254
0.0337646
0.0442019
0.0399167
0.0404191
0.0331985
0.0345097
0.0350653
0.0349693
0.0342297
0.033371
0.0349683
0.0415761
0.0266186
0.0383779
0.0492397
0.0355943
