0.765625
0
0.703125
0.75
0
0
0
0.828125
0.734375
0
0
0.734375
0
0
0
0
0
0.8125
0
0.734375
0
0
0
0.78125
0.875
0.828125
0
0.828125
0.859375
0
0
0
0.796875
0
0
0.859375
0
0.875
0
0.9375
0.921875
0
0.921875
0
0
0
0.90625
0
0
0.875
0
0.859375
0.890625
0.9375
0.875
0
0.84375
0.953125
0.890625
0.859375
0.9375
0.921875
0.828125
0
0
0.890625
0.875
0
0.921875
0
0.921875
0.859375
0
0
0
0
0
0.953125
0
0
0.921875
0.921875
0.921875
0.921875
0
0.9375
0
0
0
0
0.90625
0.953125
0.96875
0.984375
0.859375
0
0
0.921875
0.921875
0
0
0.90625
0
0
0
0
0.953125
0.9375
0.921875
0
0.953125
0
0
0.921875
0.953125
0
0
0
0.9375
0.890625
0
0.921875
0.90625
0
0.9375
0.953125
0.921875
0.953125
0
0.921875
0
0
0
0
0.96875
0
0
0.90625
0.921875
0.953125
0.921875
0.890625
0
0
0.96875
0.921875
0
0
0
0
0.921875
0.921875
0.984375
0.90625
0.921875
0
0.921875
0
0.921875
0.9375
0
0
0.953125
0.921875
0
0
0
0.96875
0.953125
0
0.921875
0
0.921875
0
0.96875
0
0
0.921875
0.9375
0.953125
0
0.9375
0
0
0
0.90625
0
0.9375
0
0
0.9375
0
0.921875
0.890625
0
0.96875
0
0
0
0.921875
0.90625
