0.556377
0.693147
0.61065
0.546501
0.693147
0.693147
0.693147
0.460826
0.56198
0.693147
0.693147
0.538036
0.693147
0.693147
0.693147
0.693147
0.693147
0.409324
0.693147
0.478676
0.693147
0.693147
0.693147
0.461473
0.260339
0.396904
0.693147
0.403343
0.278862
0.693147
0.693147
0.693147
0.396909
0.693147
0.693147
0.371977
0.693147
0.250841
0.693147
0.272515
0.225214
0.693147
0.317707
0.693147
0.693147
0.693147
0.302435
0.693147
0.693147
0.246219
0.693147
0.282461
0.229706
0.187894
0.343295
0.693147
0.371906
0.207377
0.232266
0.251674
0.179766
0.202039
0.426765
0.693147
0.693147
0.211317
0.258003
0.693147
0.196948
0.693147
0.191971
0.273006
0.693147
0.693147
0.693147
0.693147
0.693147
0.180104
0.693147
0.693147
0.260661
0.224247
0.216715
0.230472
0.693147
0.220033
0.693147
0.693147
0.693147
0.693147
0.204983
0.1729
0.166722
0.0868298
0.283245
0.693147
0.693147
0.188703
0.1847
0.693147
0.693147
0.18941
0.693147
0.693147
0.693147
0.693147
0.209005
0.125576
0.164586
0.693147
0.146137
0.693147
0.693147
0.215121
0.136606
0.693147
0.693147
0.693147
0.142663
0.25889
0.693147
0.234613
0.143005
0.693147
0.230324
0.126419
0.211929
0.168992
0.693147
0.173888
0.693147
0.693147
0.693147
0.693147
0.186361
0.693147
0.693147
0.169474
0.279547
0.154765
0.173627
0.200577
0.693147
0.693147
0.188596
0.278051
0.693147
0.693147
0.693147
0.693147
0.158901
0.24931
0.105801
0.238788
0.311766
0.693147
0.183777
0.693147
0.164983
0.103529
0.693147
0.693147
0.145484
0.168896
0.693147
0.693147
0.693147
0.106181
0.173699
0.693147
0.175315
0.693147
0.207002
0.693147
0.113452
0.693147
0.693147
0.182696
0.188942
0.158553
0.693147
0.197178
0.693147
0.693147
0.693147
0.219801
0.693147
0.147943
0.693147
0.693147
0.169779
0.693147
0.172466
0.254548
0.693147
0.143043
0.693147
0.693147
0.693147
0.183324
0.236273
