0.635394
0.631497
0.546703
0.600588
0.600356
0.583445
0.570579
0.580078
0.703812
0.563192
0.603596
0.555776
0.626923
0.541573
0.595752
0.522327
0.551593
0.443849
0.332089
0.481936
0.43998
0.438802
0.345282
0.402707
0.401173
0.292604
0.398721
0.466667
0.396477
0.514107
0.391763
0.324463
0.290559
0.315041
0.491509
0.259953
0.285214
0.347393
0.37106
0.306034
0.260626
0.220263
0.265721
0.230078
0.266933
0.253639
0.31452
0.398849
0.355452
0.273019
0.30645
0.2545
0.339692
0.370379
0.222522
0.330785
0.329609
0.310953
0.435226
0.20026
0.336301
0.23823
0.396055
0.230788
0.272793
0.481177
0.208209
0.165687
0.280971
0.409416
0.13645
0.280578
0.307775
0.391034
0.328786
0.20059
0.322115
0.483944
0.265859
0.249714
0.377824
0.346858
0.221413
0.209477
0.200334
0.17008
0.234576
0.273835
0.351868
0.36067
0.201092
0.340311
0.207146
0.344972
0.221164
0.226279
0.274066
0.363537
0.173803
0.150174
0.23858
0.257341
0.29358
0.290193
0.285824
0.253335
0.324021
0.166646
0.276607
0.281337
0.470269
0.262372
0.298899
0.216752
0.233687
0.36324
0.344579
0.274927
0.172581
0.231516
0.213083
0.249613
0.245295
0.268503
0.299178
0.252696
0.369202
0.336315
0.198657
0.159417
0.294018
0.217096
0.300142
0.178484
0.262482
0.15311
0.414808
0.350716
0.260346
0.219524
0.293434
0.393911
0.185239
0.239812
0.287419
0.368495
0.296041
0.336138
0.270719
0.34738
0.206646
0.277207
0.296471
0.223501
0.269825
0.280815
0.165581
0.155998
0.219834
0.260005
0.437435
0.273803
0.297723
0.27245
0.186384
0.240689
0.33381
0.16157
0.313292
0.121324
0.149435
0.260831
0.35264
0.179217
0.311114
0.203454
0.240544
0.239469
0.291464
0.220052
0.200099
0.294311
0.320991
0.272931
0.201468
0.283534
0.257
0.432777
0.309423
0.260886
0.538408
0.169632
0.291604
0.204782
0.353687
0.219297
0.234927
0.192644
0.366816
0.282794
0.147326
0.348475
0.180232
0.213857
0.171302
0.292706
0.31047
0.192275
0.36692
0.243667
0.307246
0.185667
0.330685
0.232641
0.325036
0.414224
0.294608
0.319588
0.179189
0.279583
0.252174
0.287371
0.278834
0.295982
0.298751
0.294392
0.254876
0.165004
0.17843
0.291838
0.326997
0.216549
0.284228
0.128258
0.131756
0.210498
0.255026
0.250944
0.362996
0.231079
0.356089
