0 0.460238
0 0.014729
0 0.017077
0 0.013239
0 0.229637
0 0.030192
0 0.033435
0 0.008597
0 0.032322
0 0.001754
0 0.195695
0 0.033003
0 0.000113
0 0.002319
0 0.269452
0 0.001187
0 0.068637
0 0.003685
0 0.066273
0 0.689341
0 0.003632
0 0.026008
0 0.022472
0 0.000088
0 0.848019
0 0.005248
0 0.001519
0 0.002579
0 0.119000
0 0.006248
0 0.000012
0 0.027159
0 0.830395
0 0.005723
0 0.001656
0 0.033341
0 0.615168
0 0.021200
0 0.001554
0 0.800771
0 0.001766
0 0.000010
0 0.009679
0 0.000056
0 0.000063
0 0.004838
0 0.010746
0 0.007087
0 0.003401
0 0.106810
0 0.031144
0 0.000645
0 0.018345
0 0.113303
0 0.000855
0 0.145038
0 0.423216
0 0.002788
0 0.001797
0 0.000667
0 0.005499
0 0.728755
0 0.003688
0 0.918008
0 0.001136
0 0.022063
0 0.000393
0 0.058983
0 0.013182
0 0.112682
0 0.003356
0 0.000161
0 0.168368
0 0.059030
0 0.000231
0 0.007690
0 0.000063
0 0.000053
0 0.122913
0 0.010265
0 0.000521
0 0.000636
0 0.043998
0 0.033278
0 0.006386
0 0.732123
0 0.073382
0 0.050026
0 0.036762
0 0.004524
0 0.000048
0 0.006081
0 0.001293
0 0.004417
0 0.252026
0 0.000575
0 0.054543
0 0.175065
0 0.047888
0 0.039013
0 0.000958
0 0.078553
0 0.000960
0 0.141997
0 0.573507
0 0.001876
0 0.060735
0 0.128746
0 0.000177
0 0.001493
0 0.177125
0 0.005372
0 0.080293
0 0.012705
0 0.000170
0 0.003634
0 0.000866
0 0.005310
0 0.292527
0 0.006771
0 0.290493
0 0.006366
0 0.270371
0 0.229744
0 0.007256
0 0.922047
0 0.006525
0 0.000670
0 0.541625
0 0.001722
0 0.076914
0 0.175505
0 0.003936
0 0.003184
0 0.048249
0 0.115324
0 0.186419
0 0.051643
0 0.056716
0 0.151993
0 0.002861
0 0.276392
0 0.114833
0 0.024815
0 0.728898
0 0.002316
0 0.000152
0 0.069901
0 0.022379
0 0.944757
0 0.034829
0 0.044920
0 0.003668
0 0.013136
0 0.000470
0 0.029542
0 0.002967
0 0.020834
0 0.003796
0 0.308456
0 0.007090
0 0.310231
0 0.010471
0 0.127610
0 0.020654
0 0.007889
0 0.001145
0 0.319235
0 0.002032
0 0.080290
0 0.043355
0 0.186623
0 0.002379
0 0.000770
0 0.227130
0 0.088364
0 0.177249
0 0.454952
0 0.041457
0 0.030868
0 0.706273
0 0.007562
0 0.032553
0 0.010590
0 0.034787
0 0.041147
0 0.166253
0 0.397752
0 0.006308
0 0.005867
0 0.343494
0 0.152446
0 0.000199
0 0.045817
0 0.000017
0 0.027865
0 0.056521
0 0.004461
0 0.002098
0 0.000876
0 0.036872
0 0.116694
0 0.346787
0 0.000068
0 0.588590
0 0.047834
0 0.206561
0 0.000256
0 0.033629
0 0.007998
0 0.003209
0 0.059679
0 0.011949
0 0.011616
0 0.539483
0 0.003279
0 0.000798
0 0.006390
0 0.014533
0 0.378281
0 0.012804
0 0.042960
0 0.206267
0 0.039912
0 0.065082
0 0.004385
0 0.676715
0 0.153715
0 0.137720
0 0.000019
0 0.020278
0 0.014345
0 0.000734
0 0.004936
0 0.019323
0 0.067755
0 0.000085
0 0.001763
0 0.246699
0 0.006737
0 0.043782
0 0.003170
0 0.013502
0 0.159884
0 0.163995
0 0.008336
0 0.177648
0 0.127882
0 0.521520
0 0.025344
0 0.202752
0 0.238707
0 0.000510
0 0.100132
0 0.200230
0 0.000051
0 0.129999
0 0.036868
0 0.008702
0 0.142568
0 0.029289
0 0.007547
0 0.052285
0 0.029243
0 0.004930
0 0.031427
0 0.014844
0 0.000054
0 0.019017
0 0.020233
0 0.516453
0 0.000098
0 0.063892
0 0.358081
0 0.017105
0 0.187385
0 0.063737
0 0.875553
0 0.022041
0 0.070145
0 0.005586
0 0.444511
0 0.038567
0 0.148747
0 0.011063
0 0.001006
0 0.014922
0 0.017907
0 0.000170
0 0.000236
0 0.014418
0 0.013313
0 0.009357
0 0.003411
0 0.000015
0 0.018170
0 0.012718
0 0.057312
0 0.004734
0 0.804383
0 0.480992
0 0.038995
0 0.262698
0 0.393429
0 0.202252
0 0.002023
0 0.178122
0 0.000314
0 0.003200
0 0.000258
0 0.016140
0 0.022910
0 0.008794
0 0.826225
0 0.023227
0 0.000244
0 0.002131
0 0.341079
0 0.482223
0 0.033519
0 0.001648
0 0.240555
0 0.338486
0 0.006658
0 0.051975
0 0.469598
0 0.004058
0 0.000001
0 0.010097
0 0.001640
0 0.202979
0 0.008098
0 0.001203
0 0.001270
0 0.000828
0 0.130271
0 0.025518
0 0.000066
0 0.002484
0 0.000237
0 0.111534
0 0.043905
0 0.000017
0 0.413683
0 0.000552
0 0.026474
0 0.020116
0 0.001264
0 0.210999
0 0.000231
0 0.004534
0 0.033906
0 0.044252
0 0.046995
0 0.001122
0 0.000065
0 0.000734
0 0.330040
0 0.160857
0 0.008832
0 0.194996
0 0.004793
0 0.005732
0 0.227032
0 0.235548
0 0.027420
0 0.390288
0 0.579264
0 0.000101
0 0.446258
0 0.001748
0 0.230577
0 0.001326
0 0.273280
0 0.004177
0 0.134202
0 0.149185
0 0.027916
0 0.134714
0 0.063155
0 0.120658
0 0.000873
0 0.002193
0 0.394650
0 0.009164
0 0.090600
0 0.053503
0 0.071709
0 0.002210
0 0.243858
0 0.001705
0 0.001613
0 0.000103
0 0.000293
0 0.191235
0 0.302681
0 0.003156
0 0.040503
0 0.000174
0 0.020994
0 0.246591
0 0.005731
0 0.038324
0 0.000138
0 0.006573
0 0.701234
0 0.042143
0 0.044991
0 0.000003
0 0.018057
0 0.218927
0 0.010643
0 0.008719
0 0.006360
0 0.000153
0 0.403875
0 0.230593
0 0.000038
0 0.002234
0 0.001191
0 0.002219
0 0.130774
0 0.025791
0 0.000155
0 0.599383
0 0.214776
0 0.415765
0 0.000285
0 0.015484
0 0.027187
0 0.006176
0 0.257353
0 0.000225
0 0.074135
0 0.004456
0 0.007868
0 0.016294
0 0.046451
0 0.000094
0 0.025074
0 0.034581
0 0.000014
0 0.064580
0 0.000000
0 0.062925
0 0.031901
0 0.001103
0 0.205269
0 0.162192
0 0.017308
0 0.001825
0 0.405687
0 0.150032
0 0.396854
0 0.003954
0 0.001477
0 0.039834
0 0.000733
0 0.253256
0 0.011705
0 0.081073
0 0.010113
0 0.001233
0 0.009631
0 0.000628
0 0.001172
0 0.189570
0 0.424970
0 0.045002
0 0.030355
0 0.071200
0 0.000250
0 0.004619
0 0.008820
0 0.021749
0 0.160549
0 0.075371
0 0.194837
0 0.474254
0 0.010515
0 0.018531
0 0.000761
0 0.002248
0 0.004667
0 0.061625
0 0.114095
0 0.000524
0 0.000677
0 0.032912
0 0.054656
0 0.000776
0 0.564992
0 0.126277
0 0.003726
0 0.001137
0 0.000016
0 0.024544
0 0.002751
0 0.000205
0 0.011617
0 0.000834
0 0.027751
0 0.019644
0 0.212166
0 0.013355
0 0.072627
0 0.153548
0 0.010138
0 0.000086
0 0.000682
0 0.000463
0 0.023641
0 0.158042
0 0.692428
0 0.454666
0 0.000078
0 0.031877
0 0.000664
0 0.000669
0 0.375869
0 0.110425
0 0.071101
0 0.014766
0 0.101152
0 0.011550
0 0.027809
0 0.499564
0 0.087755
0 0.000070
0 0.000307
0 0.344505
0 0.042920
0 0.492215
0 0.000066
0 0.136711
0 0.459906
0 0.388781
0 0.003424
0 0.069444
0 0.000501
0 0.191334
0 0.014880
0 0.003767
0 0.003747
0 0.000052
0 0.004783
0 0.349011
0 0.009265
0 0.001704
0 0.452540
0 0.021197
0 0.047659
0 0.510446
0 0.802213
0 0.000538
0 0.028704
0 0.129246
0 0.033283
0 0.005610
0 0.218983
0 0.008232
0 0.262779
0 0.003714
0 0.214183
0 0.083040
0 0.010766
0 0.033257
0 0.002171
0 0.000588
0 0.055794
0 0.156694
0 0.155980
0 0.051336
0 0.002996
0 0.028019
0 0.001247
0 0.438287
0 0.195096
0 0.000581
0 0.032465
0 0.050093
0 0.001820
0 0.074182
0 0.018733
0 0.006100
0 0.000747
0 0.005077
0 0.058505
0 0.004333
0 0.142623
0 0.004199
0 0.079509
0 0.042641
0 0.780125
0 0.173735
0 0.009820
0 0.000011
0 0.003730
0 0.163102
0 0.006792
0 0.339624
0 0.490360
0 0.005260
0 0.004715
0 0.210016
0 0.161020
0 0.065644
0 0.706464
0 0.041741
0 0.148131
0 0.000120
0 0.000932
0 0.234268
0 0.247902
0 0.000821
0 0.259657
0 0.005764
0 0.064279
0 0.010931
0 0.055743
0 0.026294
0 0.016499
0 0.005307
0 0.086434
0 0.467114
0 0.102616
0 0.306918
0 0.487130
0 0.115407
0 0.119521
0 0.005242
0 0.518704
0 0.497928
0 0.116507
0 0.001453
0 0.011879
0 0.006860
0 0.007067
0 0.000279
0 0.014712
0 0.020085
0 0.000415
0 0.133349
0 0.007754
0 0.038224
0 0.020090
0 0.003844
0 0.006643
0 0.826349
0 0.000135
0 0.000167
0 0.583750
0 0.004560
0 0.009632
0 0.004486
0 0.008881
0 0.017888
0 0.066096
0 0.035940
0 0.003544
0 0.002557
0 0.409512
0 0.126370
0 0.000227
0 0.002853
0 0.043173
0 0.018702
0 0.016325
0 0.060634
0 0.291310
0 0.016504
0 0.006084
0 0.006164
0 0.133448
0 0.153454
0 0.143014
0 0.139739
0 0.539574
0 0.002991
0 0.026170
0 0.206661
0 0.001219
0 0.100444
0 0.030154
0 0.269104
0 0.001440
0 0.002849
0 0.001477
0 0.037779
0 0.032018
0 0.003140
0 0.397385
0 0.071193
0 0.053257
0 0.004366
0 0.076010
0 0.054012
0 0.018913
0 0.101936
0 0.049007
0 0.051345
0 0.003118
0 0.041884
0 0.000428
0 0.007945
0 0.075262
0 0.000307
0 0.642992
0 0.004193
0 0.006131
0 0.320725
0 0.000053
0 0.080918
0 0.032698
0 0.002973
0 0.000080
0 0.274262
0 0.054900
0 0.153873
0 0.000000
0 0.022962
0 0.193101
0 0.000168
0 0.018270
0 0.000050
0 0.001121
0 0.000309
0 0.000082
0 0.212694
0 0.165576
0 0.043379
0 0.017343
0 0.425295
0 0.004407
0 0.009267
0 0.007587
0 0.019253
0 0.000478
0 0.121145
0 0.094345
0 0.000105
0 0.067270
0 0.004399
0 0.002779
0 0.003112
0 0.013787
0 0.003829
0 0.004794
0 0.209804
0 0.000514
0 0.003565
0 0.005224
0 0.005546
0 0.132014
0 0.128097
0 0.303021
0 0.000960
0 0.001998
0 0.001701
0 0.007111
0 0.069351
0 0.518324
0 0.079700
0 0.045592
0 0.182507
0 0.000202
0 0.000813
0 0.000852
0 0.000577
0 0.000870
0 0.269137
0 0.001006
0 0.010476
0 0.625677
0 0.453393
0 0.344799
0 0.003243
0 0.000257
0 0.008082
0 0.018208
0 0.006083
0 0.047769
0 0.074870
0 0.001231
0 0.303010
0 0.026389
0 0.000124
0 0.002348
0 0.395005
0 0.688893
0 0.004714
0 0.049157
0 0.024471
0 0.090399
0 0.022093
0 0.005609
0 0.016460
0 0.034513
0 0.051980
0 0.015681
0 0.010128
0 0.026071
0 0.006226
0 0.013642
0 0.005171
0 0.002790
0 0.009951
0 0.453477
0 0.432086
0 0.000568
0 0.001612
0 0.201994
0 0.000007
0 0.036797
0 0.260894
0 0.307977
0 0.027834
0 0.235945
0 0.002717
0 0.004827
0 0.166166
0 0.000151
0 0.044970
0 0.000008
0 0.004366
0 0.065726
0 0.169971
0 0.015434
0 0.236882
0 0.002845
0 0.021030
0 0.000933
0 0.138045
0 0.038039
0 0.001129
0 0.005500
0 0.023648
0 0.051092
0 0.018439
0 0.006182
0 0.002218
0 0.673692
0 0.094752
0 0.004124
0 0.003252
0 0.008689
0 0.040339
0 0.027538
0 0.002375
0 0.004118
0 0.049587
0 0.010489
0 0.003283
0 0.014249
0 0.013195
0 0.514137
0 0.000206
0 0.039859
0 0.000011
0 0.006576
0 0.003605
0 0.021786
0 0.003682
0 0.007412
0 0.150100
0 0.381932
0 0.002933
0 0.032855
0 0.126183
0 0.001199
0 0.240492
0 0.064999
0 0.000078
0 0.118375
0 0.140905
0 0.002021
0 0.011918
0 0.276806
0 0.034036
0 0.022786
0 0.253911
0 0.001191
0 0.131928
0 0.016729
0 0.158209
0 0.000123
0 0.003254
0 0.244782
0 0.000638
0 0.327196
0 0.083135
0 0.001932
0 0.000152
0 0.038152
0 0.000783
0 0.055073
0 0.000043
0 0.061970
0 0.676841
0 0.005018
0 0.116507
0 0.022312
0 0.434368
0 0.246642
0 0.002152
0 0.145318
0 0.000311
0 0.731023
0 0.015820
0 0.025946
0 0.019126
0 0.031121
0 0.191387
0 0.720907
0 0.323435
0 0.000047
0 0.048017
0 0.528848
0 0.377934
0 0.002417
0 0.000164
0 0.213187
0 0.000014
0 0.021561
0 0.225758
0 0.000012
0 0.313065
0 0.241663
0 0.106632
0 0.101949
0 0.018469
0 0.069096
0 0.000775
0 0.002676
0 0.000251
0 0.000093
0 0.005658
0 0.096653
0 0.659240
0 0.937173
0 0.452452
0 0.094957
0 0.371763
0 0.407404
0 0.326240
0 0.000349
0 0.000002
0 0.005166
0 0.227474
0 0.000356
0 0.005026
0 0.000147
0 0.013278
0 0.220482
0 0.001239
0 0.181597
0 0.017229
0 0.016643
0 0.002080
0 0.108129
0 0.093981
0 0.033017
0 0.061879
0 0.002806
0 0.033673
0 0.205053
0 0.032914
0 0.034357
0 0.466802
0 0.132273
0 0.005159
0 0.249765
0 0.032643
0 0.005133
0 0.599437
0 0.004151
0 0.050434
0 0.123961
0 0.000275
0 0.053749
0 0.086680
0 0.284268
0 0.167575
0 0.024022
0 0.156023
0 0.325879
0 0.003865
0 0.002294
0 0.234028
0 0.004807
0 0.005079
0 0.000025
0 0.021191
0 0.005832
0 0.224887
0 0.114614
0 0.238301
0 0.384684
0 0.341772
0 0.000153
0 0.007156
0 0.683004
0 0.029461
0 0.004447
0 0.069430
0 0.011496
0 0.056295
0 0.000039
0 0.006283
0 0.058914
0 0.508577
0 0.000061
0 0.185411
0 0.088058
0 0.006119
0 0.078331
0 0.007945
0 0.000093
0 0.097661
0 0.072278
0 0.000010
0 0.003299
0 0.143534
0 0.000108
0 0.000042
0 0.000660
0 0.003274
0 0.052720
0 0.000340
0 0.690000
0 0.000979
0 0.008776
0 0.626846
0 0.365937
0 0.001465
0 0.007855
0 0.028613
0 0.001767
0 0.298417
0 0.000085
0 0.002413
0 0.003552
0 0.241451
0 0.003896
0 0.000854
0 0.175831
0 0.032999
0 0.043365
0 0.012298
0 0.007753
0 0.000817
0 0.000311
0 0.038840
0 0.210141
0 0.078648
0 0.002460
0 0.224454
0 0.011464
0 0.010137
0 0.000122
0 0.000028
0 0.001655
0 0.038294
0 0.000046
0 0.005741
0 0.017842
0 0.132512
0 0.120723
0 0.006762
0 0.045202
0 0.013544
0 0.005790
0 0.017297
0 0.001040
0 0.673539
0 0.016439
0 0.026131
0 0.113806
0 0.120877
0 0.371744
0 0.014080
0 0.003118
0 0.281412
0 0.044565
0 0.007159
0 0.010245
0 0.094663
0 0.000001
0 0.000405
0 0.043977
0 0.007668
0 0.048298
0 0.051757
0 0.001423
0 0.113551
0 0.051229
0 0.419151
0 0.001716
0 0.006052
0 0.083211
0 0.059880
0 0.037491
0 0.005582
0 0.001090
0 0.000040
0 0.000112
0 0.084301
0 0.006257
0 0.278645
0 0.011535
0 0.121127
0 0.333270
0 0.012836
0 0.006494
0 0.126941
0 0.001725
0 0.034692
0 0.004783
0 0.338420
0 0.010647
0 0.005590
0 0.002495
0 0.003847
0 0.102559
0 0.000624
0 0.006878
0 0.000987
0 0.620100
0 0.023059
0 0.019941
0 0.007622
0 0.002762
0 0.000588
0 0.070963
0 0.074738
0 0.001650
0 0.005358
0 0.514897
0 0.004637
0 0.000100
0 0.007466
0 0.049526
0 0.589823
0 0.030270
0 0.004380
0 0.012286
0 0.224671
0 0.188702
0 0.458555
0 0.034266
0 0.022833
0 0.066830
0 0.032034
0 0.002086
0 0.061793
0 0.120562
0 0.027743
0 0.494078
0 0.685861
0 0.099279
0 0.000060
0 0.217030
0 0.030113
0 0.036329
0 0.110640
0 0.172701
0 0.010467
0 0.314493
0 0.000247
0 0.006810
0 0.096144
0 0.009935
0 0.003825
0 0.007485
0 0.030819
0 0.033538
0 0.002973
0 0.165234
0 0.432634
0 0.020924
0 0.009117
0 0.011317
0 0.002096
0 0.615117
0 0.001448
0 0.034485
0 0.003399
0 0.006318
0 0.005578
0 0.539412
0 0.058971
0 0.009071
0 0.003140
0 0.001538
0 0.079023
0 0.288855
0 0.008546
0 0.117055
0 0.004904
0 0.389550
0 0.007235
0 0.012137
0 0.199906
0 0.001318
0 0.146064
0 0.002502
0 0.001054
0 0.004475
0 0.124428
0 0.841904
0 0.057603
0 0.325761
0 0.010503
0 0.253071
0 0.000178
0 0.042353
0 0.006581
0 0.001684
0 0.049907
0 0.001729
0 0.030344
0 0.363739
0 0.038941
0 0.001652
0 0.042530
0 0.013621
0 0.004539
0 0.133391
0 0.000292
0 0.234465
0 0.127315
0 0.022483
0 0.096093
0 0.080628
0 0.001316
0 0.000681
0 0.000935
0 0.008333
0 0.005524
0 0.082687
0 0.779400
0 0.000459
0 0.090514
0 0.021373
0 0.601596
0 0.000012
0 0.178861
0 0.000358
0 0.239799
0 0.110554
0 0.026942
0 0.990941
0 0.054575
0 0.040524
0 0.006911
0 0.006263
0 0.239464
0 0.016042
0 0.000297
0 0.005712
0 0.021333
0 0.008831
0 0.003158
0 0.057169
0 0.067535
0 0.017650
0 0.190296
0 0.011453
0 0.040415
0 0.003757
0 0.144774
0 0.263036
0 0.004777
0 0.157103
0 0.001195
0 0.000359
0 0.551880
0 0.029506
0 0.077311
0 0.248358
0 0.446505
0 0.004799
0 0.396217
0 0.007786
0 0.689670
0 0.019074
0 0.091282
0 0.077835
0 0.000061
0 0.005910
0 0.000465
0 0.019453
0 0.141109
0 0.073921
0 0.009284
0 0.287035
0 0.015882
0 0.043095
0 0.162414
0 0.010451
0 0.000480
0 0.006142
0 0.032241
0 0.007376
0 0.007010
0 0.189965
0 0.011506
0 0.213583
0 0.012415
0 0.436385
0 0.005579
0 0.192482
0 0.000213
0 0.003701
0 0.015268
0 0.029198
0 0.008299
0 0.036306
0 0.003556
0 0.191961
0 0.002173
0 0.024326
0 0.000688
0 0.002681
0 0.205102
0 0.001014
0 0.004281
0 0.401381
0 0.003575
0 0.302691
0 0.957167
0 0.001723
0 0.029012
0 0.281459
0 0.000551
0 0.213681
0 0.005137
0 0.058449
0 0.347957
0 0.125352
0 0.060564
0 0.010078
0 0.308783
0 0.013422
0 0.002670
0 0.005641
0 0.026542
0 0.057958
0 0.014785
0 0.011326
0 0.032967
0 0.004202
0 0.079633
0 0.275377
0 0.011666
0 0.489268
0 0.000306
0 0.021906
0 0.778954
0 0.086945
0 0.023134
0 0.097023
0 0.547965
0 0.028391
0 0.000001
0 0.701981
0 0.000424
0 0.125379
0 0.019169
0 0.074816
0 0.003456
0 0.421460
0 0.080513
0 0.001257
0 0.000331
0 0.013183
0 0.084259
0 0.012931
0 0.017834
0 0.043859
0 0.012369
0 0.216662
0 0.001768
0 0.383111
0 0.074624
0 0.000015
0 0.040233
0 0.003624
0 0.003260
0 0.059161
0 0.000008
0 0.000044
0 0.003856
0 0.037005
0 0.013510
0 0.310013
0 0.159381
0 0.061938
0 0.679777
0 0.087449
0 0.010438
0 0.308040
0 0.447372
0 0.130722
0 0.074558
0 0.114301
0 0.017650
0 0.020636
0 0.194173
0 0.004121
0 0.001986
0 0.065688
0 0.439208
0 0.276622
0 0.036728
0 0.000271
0 0.019627
0 0.018144
0 0.000446
0 0.005040
0 0.820861
0 0.007069
0 0.131501
0 0.000029
0 0.037996
0 0.023043
0 0.479913
0 0.000102
0 0.001320
0 0.000757
0 0.000931
0 0.018035
0 0.005804
0 0.163193
0 0.005840
0 0.006253
0 0.044738
0 0.053120
0 0.574092
0 0.005360
0 0.790618
0 0.529892
0 0.504065
0 0.516504
0 0.000404
0 0.001705
0 0.034128
0 0.006432
0 0.183190
0 0.076713
0 0.005379
0 0.172069
0 0.090636
0 0.000985
0 0.014045
0 0.010641
0 0.000009
0 0.000198
0 0.010086
0 0.019545
0 0.004802
0 0.084672
0 0.099542
0 0.012537
0 0.533951
0 0.014903
0 0.268095
0 0.005413
0 0.159593
0 0.017595
0 0.003321
0 0.000034
0 0.001162
0 0.007741
0 0.000159
0 0.015407
0 0.003930
0 0.187025
0 0.104523
0 0.017459
0 0.191547
0 0.032333
0 0.000013
0 0.008037
0 0.009713
0 0.338043
0 0.001714
0 0.029160
0 0.005175
0 0.002779
0 0.327483
0 0.002403
0 0.087807
0 0.001133
0 0.200803
0 0.000024
0 0.002704
0 0.064465
0 0.108833
0 0.000029
0 0.000857
0 0.001164
0 0.000628
0 0.011528
0 0.470182
0 0.030469
0 0.014646
0 0.005362
0 0.005529
0 0.000033
0 0.920821
0 0.000023
0 0.008200
0 0.005254
0 0.010056
0 0.003271
0 0.049279
0 0.002598
0 0.000184
0 0.061424
0 0.002254
0 0.054333
0 0.094609
0 0.016308
0 0.044530
0 0.019719
0 0.081493
0 0.008547
0 0.802104
0 0.382913
0 0.009693
0 0.002785
0 0.002857
0 0.008781
0 0.006119
0 0.057286
0 0.000072
0 0.000103
0 0.124953
0 0.001559
0 0.043118
0 0.022785
0 0.000003
0 0.007153
0 0.000762
0 0.000208
0 0.036708
0 0.016663
0 0.034215
0 0.000836
0 0.013030
0 0.000520
0 0.512213
0 0.375778
0 0.392065
0 0.238945
0 0.000504
0 0.001327
0 0.165366
0 0.071022
0 0.202460
0 0.000002
0 0.010775
0 0.000031
0 0.012766
0 0.005429
0 0.040378
0 0.166932
0 0.000105
0 0.019012
0 0.033418
0 0.000045
0 0.021230
0 0.440685
0 0.063884
0 0.027636
0 0.000277
0 0.003858
0 0.000577
0 0.261210
0 0.016125
0 0.001158
0 0.004533
0 0.023398
0 0.010982
0 0.037278
0 0.158846
0 0.000009
0 0.000028
0 0.000590
0 0.226400
0 0.012005
0 0.022305
0 0.225801
0 0.000355
0 0.030531
0 0.401516
0 0.352002
0 0.027842
0 0.012457
0 0.046561
0 0.231353
0 0.022682
0 0.115855
0 0.001903
0 0.139338
0 0.001654
0 0.371639
0 0.040139
0 0.198233
0 0.093858
0 0.798817
0 0.079799
0 0.201753
0 0.017269
0 0.127077
0 0.696611
0 0.004297
0 0.098632
0 0.837816
0 0.037797
0 0.008950
0 0.039779
0 0.047818
0 0.003078
0 0.049090
0 0.001867
0 0.000054
0 0.629328
0 0.035937
0 0.556291
0 0.003197
0 0.000175
0 0.001344
0 0.058052
0 0.048255
0 0.138809
0 0.000077
0 0.003001
0 0.000003
0 0.970122
0 0.001049
0 0.014897
0 0.001121
0 0.048595
0 0.129210
0 0.438240
0 0.071060
0 0.105005
0 0.254069
0 0.328167
0 0.001186
0 0.000052
0 0.010930
0 0.058050
0 0.132363
0 0.000167
0 0.061705
0 0.164493
0 0.006364
0 0.080956
0 0.000925
0 0.003796
0 0.005255
0 0.870717
0 0.007144
0 0.000004
0 0.000441
0 0.017815
0 0.029666
0 0.213215
0 0.133548
0 0.007296
0 0.003682
0 0.042618
0 0.003540
0 0.015722
0 0.004866
0 0.072828
0 0.003763
0 0.000052
0 0.095413
0 0.196611
0 0.348200
0 0.117208
0 0.002602
0 0.185285
0 0.007384
0 0.011276
0 0.074985
0 0.001382
0 0.001434
0 0.011745
0 0.053061
0 0.039060
0 0.006745
0 0.072517
0 0.001321
0 0.000502
0 0.026880
0 0.549564
0 0.000709
0 0.096012
0 0.060833
0 0.038337
0 0.053922
0 0.000293
0 0.219103
0 0.011942
0 0.000259
0 0.143103
0 0.016673
0 0.048235
0 0.001538
0 0.286979
0 0.002428
0 0.135123
0 0.001480
0 0.460255
0 0.119234
0 0.159231
0 0.517334
0 0.082945
0 0.000385
0 0.000025
0 0.159225
0 0.270556
0 0.001545
0 0.001084
0 0.001401
0 0.036555
0 0.004073
0 0.235087
0 0.006352
0 0.251597
0 0.000121
0 0.000021
0 0.014725
0 0.001239
0 0.010095
0 0.002698
0 0.002338
0 0.000406
0 0.000183
0 0.000113
0 0.007044
0 0.166401
0 0.005290
0 0.013433
0 0.091822
0 0.000003
0 0.002396
0 0.009707
0 0.292098
0 0.002315
0 0.032141
0 0.004783
0 0.006979
0 0.001767
0 0.055067
0 0.004086
0 0.167895
0 0.000136
0 0.010192
0 0.029918
0 0.233297
0 0.175988
0 0.166353
0 0.001365
0 0.019623
0 0.089047
0 0.170877
0 0.000815
0 0.031160
0 0.000089
0 0.000030
0 0.008639
0 0.018008
0 0.183301
0 0.464162
0 0.000926
0 0.000161
0 0.006141
0 0.002893
0 0.286426
0 0.007189
0 0.056589
0 0.016850
0 0.047925
0 0.182943
0 0.587840
0 0.007159
0 0.002600
0 0.003857
0 0.000047
0 0.002923
0 0.002907
0 0.144449
0 0.828385
0 0.005417
0 0.000080
0 0.000091
0 0.000693
0 0.000034
0 0.001263
0 0.029795
0 0.000477
0 0.051804
0 0.015634
0 0.072673
0 0.004896
0 0.025057
0 0.042327
0 0.000047
0 0.011127
0 0.012818
0 0.021262
0 0.000054
0 0.017402
0 0.013293
0 0.425846
0 0.144989
0 0.165862
0 0.017602
0 0.000031
0 0.151889
0 0.000049
0 0.000259
0 0.000075
0 0.013832
0 0.014707
0 0.033003
0 0.035484
0 0.007248
0 0.014620
0 0.000053
0 0.119941
0 0.516386
0 0.002219
0 0.003500
0 0.003246
0 0.002836
0 0.022874
0 0.002285
0 0.000086
0 0.003920
0 0.077197
0 0.001407
0 0.001708
0 0.011430
0 0.051607
0 0.032804
0 0.060299
0 0.000758
0 0.000143
0 0.010543
0 0.019640
0 0.067302
0 0.522247
0 0.001988
0 0.000206
0 0.498236
0 0.752657
0 0.001565
0 0.001703
0 0.000190
0 0.000536
0 0.083621
0 0.004250
0 0.001577
0 0.001154
0 0.001793
0 0.117432
0 0.001595
0 0.011813
0 0.000040
0 0.031363
0 0.000122
0 0.005907
0 0.106082
0 0.091691
0 0.000013
0 0.094898
0 0.000327
0 0.001053
0 0.088879
0 0.003468
0 0.000449
0 0.001296
0 0.250681
0 0.012606
0 0.000851
0 0.012289
0 0.204795
0 0.031587
0 0.520049
0 0.011794
0 0.177719
0 0.461366
0 0.000064
0 0.006365
0 0.003868
0 0.645774
0 0.001094
0 0.009361
0 0.002369
0 0.010720
0 0.010154
0 0.000289
0 0.060096
0 0.213645
0 0.134197
0 0.117473
0 0.031158
0 0.365028
0 0.276339
0 0.302800
0 0.001518
0 0.146924
0 0.038732
0 0.110388
0 0.008398
0 0.005337
0 0.028461
0 0.199971
0 0.000842
0 0.006946
0 0.007900
0 0.000232
0 0.000044
0 0.142451
0 0.122450
0 0.008068
0 0.021198
0 0.417651
0 0.000016
0 0.057134
0 0.086730
0 0.257161
0 0.006534
0 0.107912
0 0.000370
0 0.038202
0 0.176773
0 0.203017
0 0.764085
0 0.018202
0 0.140755
0 0.087902
0 0.008251
0 0.162865
0 0.006464
0 0.117588
0 0.051762
0 0.026584
0 0.000068
0 0.034661
0 0.020653
0 0.063644
0 0.000013
0 0.007568
0 0.026988
0 0.004503
0 0.622832
0 0.198843
0 0.000163
0 0.000031
0 0.048566
0 0.408222
0 0.017276
0 0.442236
0 0.023473
0 0.150937
0 0.074743
0 0.009392
0 0.198096
0 0.129449
0 0.000410
0 0.256264
0 0.132355
0 0.006956
0 0.009914
0 0.030943
0 0.017315
0 0.002073
0 0.003387
0 0.002739
0 0.039905
0 0.002579
0 0.041551
0 0.121610
0 0.229576
0 0.005138
0 0.040266
0 0.088797
0 0.000019
0 0.142465
0 0.359656
0 0.000516
0 0.000261
0 0.610224
0 0.019484
0 0.000047
0 0.207235
0 0.084334
0 0.015205
0 0.004812
0 0.147448
0 0.046210
0 0.019431
0 0.927583
0 0.000632
0 0.006091
0 0.110526
0 0.000703
0 0.020224
0 0.011291
0 0.000278
0 0.116506
0 0.005924
0 0.032423
0 0.073145
0 0.344390
0 0.073579
0 0.012583
0 0.015638
0 0.019511
0 0.273988
0 0.269069
0 0.161711
0 0.322194
0 0.036193
0 0.018400
0 0.200379
0 0.374351
0 0.003975
0 0.014768
0 0.001974
0 0.003935
0 0.008253
0 0.032014
0 0.008471
0 0.137132
0 0.009058
0 0.040676
0 0.009389
0 0.968880
0 0.354482
0 0.005537
0 0.102777
0 0.089769
0 0.002821
0 0.015282
0 0.000059
0 0.029719
0 0.010068
0 0.006276
0 0.043521
0 0.010746
0 0.105120
0 0.052382
0 0.265975
0 0.005022
0 0.276555
0 0.013987
0 0.002627
0 0.159696
0 0.026826
0 0.301389
0 0.002437
0 0.200108
0 0.000589
0 0.000722
0 0.115364
0 0.004094
0 0.005270
0 0.056046
0 0.201504
0 0.192290
0 0.067554
0 0.001496
0 0.346580
0 0.000032
0 0.001392
0 0.007413
0 0.002466
0 0.051953
0 0.220423
0 0.017742
0 0.004554
0 0.945993
0 0.097145
0 0.336764
0 0.000536
0 0.000258
0 0.067526
0 0.009875
0 0.834149
0 0.032567
0 0.008029
0 0.018570
0 0.000005
0 0.001057
0 0.000554
0 0.236892
0 0.009160
0 0.016574
0 0.276956
0 0.000653
0 0.181935
0 0.001771
0 0.357212
0 0.775668
0 0.367004
0 0.000041
0 0.036788
0 0.000688
0 0.021776
0 0.012769
0 0.397930
0 0.000710
0 0.152570
0 0.125635
0 0.013922
0 0.001685
0 0.059755
0 0.222175
0 0.001333
0 0.013705
0 0.310362
0 0.038886
0 0.288610
0 0.020743
0 0.007712
0 0.007863
0 0.000147
0 0.010106
0 0.050270
0 0.000852
0 0.036046
0 0.053974
0 0.006326
0 0.023004
0 0.000127
0 0.013966
0 0.164924
0 0.105581
0 0.644647
0 0.299303
0 0.212101
0 0.006702
0 0.000496
0 0.001279
0 0.000527
0 0.003779
0 0.392024
0 0.010895
0 0.095532
0 0.000068
0 0.257401
0 0.021614
0 0.162421
0 0.715237
0 0.001951
0 0.092923
0 0.209572
0 0.092946
0 0.163080
0 0.004984
0 0.000224
0 0.021292
0 0.000216
0 0.071192
0 0.223355
0 0.334986
0 0.201623
0 0.004555
0 0.005280
0 0.081469
0 0.002054
0 0.019694
0 0.186008
0 0.003062
0 0.417327
0 0.002136
0 0.197313
0 0.000519
0 0.028672
0 0.510784
0 0.005946
0 0.020775
0 0.000077
0 0.000449
0 0.000222
0 0.118186
0 0.056483
0 0.010331
0 0.017787
0 0.005435
0 0.000105
0 0.217238
0 0.003115
0 0.000769
0 0.004525
0 0.054561
0 0.002458
0 0.002183
0 0.139353
0 0.000724
0 0.028569
0 0.194581
0 0.007067
0 0.000131
0 0.328581
0 0.375253
0 0.000485
0 0.000065
0 0.110066
0 0.023092
0 0.014430
0 0.001177
0 0.106780
0 0.087228
0 0.010928
0 0.000304
0 0.071056
0 0.002629
0 0.002398
0 0.000007
0 0.049771
0 0.012889
0 0.000625
0 0.000413
0 0.000117
0 0.014317
0 0.001108
0 0.098719
0 0.008784
0 0.117706
0 0.000127
0 0.206800
0 0.015410
0 0.023331
0 0.000249
0 0.006983
0 0.000086
0 0.025799
0 0.130385
0 0.005112
0 0.006707
0 0.001605
0 0.384993
0 0.000158
0 0.247098
0 0.112345
0 0.041981
0 0.047303
0 0.035697
0 0.128228
0 0.177582
0 0.056039
0 0.009378
0 0.000114
0 0.000453
0 0.001511
0 0.000055
0 0.674258
0 0.331184
0 0.009007
0 0.071006
0 0.048936
0 0.047575
0 0.092355
0 0.002464
0 0.005288
0 0.031549
0 0.000878
0 0.000686
0 0.651496
0 0.000144
0 0.017836
0 0.012681
0 0.002058
0 0.001669
0 0.026574
0 0.381102
0 0.320538
0 0.077024
0 0.006021
0 0.202292
0 0.004093
0 0.045527
0 0.032800
0 0.115358
0 0.001620
0 0.354411
0 0.000358
0 0.069420
0 0.185482
0 0.005464
0 0.010787
0 0.004053
0 0.029335
0 0.003310
0 0.017716
0 0.001024
0 0.001609
0 0.000795
0 0.028385
0 0.142403
0 0.005860
0 0.046585
0 0.000507
0 0.507422
0 0.004253
0 0.001868
0 0.006835
0 0.001077
0 0.002931
0 0.000569
0 0.166503
0 0.162381
0 0.045580
0 0.007679
0 0.040404
0 0.000748
0 0.000004
0 0.083795
0 0.001186
0 0.000907
0 0.003215
0 0.001290
0 0.420993
0 0.095332
0 0.006323
0 0.092546
0 0.103378
0 0.010418
0 0.066265
0 0.012133
0 0.046125
0 0.186634
0 0.808932
0 0.009412
0 0.068442
0 0.006885
0 0.045989
0 0.454961
0 0.007828
0 0.009181
0 0.011510
0 0.001116
0 0.361468
0 0.004017
0 0.004767
0 0.008327
0 0.000082
0 0.008327
0 0.161692
0 0.003448
0 0.002856
0 0.841119
0 0.077562
0 0.000154
0 0.000007
0 0.011920
0 0.019446
0 0.005607
0 0.029298
0 0.108656
0 0.514399
0 0.155859
0 0.007589
0 0.014364
0 0.256239
0 0.184198
0 0.000327
0 0.005641
0 0.001121
0 0.007078
0 0.004834
0 0.041514
0 0.216925
0 0.086460
0 0.001816
0 0.047188
0 0.059077
0 0.129909
0 0.015369
0 0.000026
0 0.002747
0 0.083863
0 0.000641
0 0.591950
0 0.041657
0 0.084894
0 0.341984
0 0.175541
0 0.564585
0 0.000714
0 0.268244
0 0.664579
0 0.044742
0 0.000399
0 0.277282
0 0.002464
0 0.005612
0 0.000026
0 0.000013
0 0.002907
0 0.266984
0 0.869932
0 0.002351
0 0.427340
0 0.004043
0 0.000187
0 0.066042
0 0.416912
0 0.000646
0 0.000607
0 0.189445
0 0.000209
0 0.004113
0 0.002454
0 0.011202
0 0.017402
0 0.019905
0 0.000050
0 0.001747
0 0.030323
0 0.005417
0 0.008568
0 0.000001
0 0.018415
0 0.167591
0 0.003819
0 0.170075
0 0.018511
0 0.030687
0 0.680142
0 0.007430
0 0.001517
0 0.039690
0 0.000584
0 0.048315
0 0.753479
0 0.006703
0 0.002624
0 0.001316
0 0.367858
0 0.000067
0 0.026088
0 0.000043
0 0.005357
0 0.007632
0 0.044817
0 0.167912
0 0.049318
0 0.276470
0 0.135142
0 0.028643
0 0.000018
0 0.165178
0 0.001578
0 0.046406
0 0.003828
0 0.000764
0 0.381146
0 0.000837
0 0.002765
0 0.008226
0 0.000036
0 0.251654
0 0.001939
0 0.000299
0 0.008651
0 0.000395
0 0.001095
0 0.010205
0 0.066901
0 0.002809
0 0.042080
0 0.008949
0 0.235865
0 0.005808
0 0.009781
0 0.190036
0 0.000458
0 0.222708
0 0.006772
0 0.001037
0 0.427664
0 0.135405
0 0.037839
0 0.000038
0 0.003924
0 0.001121
0 0.003306
0 0.128203
0 0.004814
0 0.005774
0 0.113152
0 0.360978
0 0.001033
0 0.000055
0 0.233569
0 0.002494
0 0.062406
0 0.000153
0 0.007328
0 0.000040
0 0.000034
0 0.122524
0 0.004865
0 0.000072
0 0.027514
0 0.000493
0 0.031174
0 0.008213
0 0.005474
0 0.000204
0 0.002581
0 0.000199
0 0.082893
0 0.000585
0 0.127549
0 0.391125
0 0.175242
0 0.025098
0 0.002425
0 0.009526
0 0.002377
0 0.183607
0 0.139276
0 0.053978
0 0.000213
0 0.000055
0 0.099008
0 0.004783
0 0.030628
0 0.416009
0 0.018147
0 0.000197
0 0.007089
0 0.013683
0 0.013009
0 0.001569
0 0.107836
0 0.267560
0 0.543737
0 0.039352
0 0.011856
0 0.014214
0 0.049296
0 0.000070
0 0.290457
0 0.004308
0 0.015834
0 0.004277
0 0.000372
0 0.000247
0 0.045789
0 0.048049
0 0.002435
0 0.000037
0 0.119129
0 0.002750
0 0.000928
0 0.000708
0 0.018693
0 0.013673
0 0.000846
0 0.002417
0 0.007217
0 0.211955
0 0.004991
0 0.014287
0 0.005375
0 0.113688
0 0.001451
0 0.011449
0 0.052195
0 0.033253
0 0.536429
0 0.012857
0 0.034834
0 0.019982
0 0.004977
0 0.091193
0 0.000012
0 0.117585
0 0.080393
0 0.816962
0 0.464122
0 0.176943
0 0.000333
0 0.003784
0 0.006961
0 0.000021
0 0.302145
0 0.290930
0 0.000310
0 0.009344
0 0.009751
0 0.024400
0 0.001186
0 0.001897
0 0.028493
0 0.012845
0 0.000989
0 0.008618
0 0.008981
0 0.013783
0 0.158687
0 0.043659
0 0.000643
0 0.124827
0 0.006461
0 0.293956
0 0.000048
0 0.427762
0 0.227069
0 0.003712
0 0.001135
0 0.026255
0 0.002125
0 0.009589
0 0.007392
0 0.280684
0 0.017144
0 0.003138
0 0.108155
0 0.447661
0 0.336204
0 0.163180
0 0.000336
0 0.047805
0 0.016951
0 0.250149
0 0.000572
0 0.000234
0 0.029490
0 0.265819
0 0.000012
0 0.065608
0 0.006131
0 0.001032
0 0.000004
0 0.565459
0 0.006972
0 0.538542
0 0.446711
0 0.057850
0 0.200144
0 0.028742
0 0.000105
0 0.000228
0 0.204375
0 0.813602
0 0.001248
0 0.132383
0 0.042791
0 0.527551
0 0.000380
0 0.001374
0 0.659466
0 0.041841
0 0.000564
0 0.038530
0 0.095501
0 0.156447
0 0.400491
0 0.001155
0 0.026944
0 0.135525
0 0.000882
0 0.002121
0 0.005576
0 0.085178
0 0.006525
0 0.008738
0 0.000525
0 0.498494
0 0.006214
0 0.067382
0 0.166858
0 0.072061
0 0.025794
0 0.014733
0 0.004802
0 0.001991
0 0.089920
0 0.089880
0 0.002939
0 0.272984
0 0.017473
0 0.030268
0 0.004107
0 0.009663
0 0.442506
0 0.228729
0 0.008454
0 0.005858
0 0.006485
0 0.012708
0 0.101285
0 0.010050
0 0.316539
0 0.029742
0 0.011879
0 0.274945
0 0.073419
0 0.000669
0 0.000020
0 0.037006
0 0.001067
0 0.000023
0 0.001529
0 0.001135
0 0.006425
0 0.003039
0 0.020702
0 0.080326
0 0.030866
0 0.293350
0 0.003537
0 0.005609
0 0.010278
0 0.011678
0 0.237679
0 0.000022
0 0.003120
0 0.007579
0 0.812853
0 0.027605
0 0.004889
0 0.000128
0 0.074302
0 0.194169
0 0.001900
0 0.000208
0 0.266101
0 0.254261
0 0.081111
0 0.020576
0 0.005826
0 0.085210
0 0.474325
0 0.006005
0 0.007084
0 0.031928
0 0.145988
0 0.002642
0 0.051330
0 0.121985
0 0.013168
0 0.000015
0 0.138016
0 0.786677
0 0.000484
0 0.042356
0 0.091431
0 0.079461
0 0.017060
0 0.226506
0 0.041160
0 0.178334
0 0.000732
0 0.007029
0 0.002336
0 0.210808
0 0.000000
0 0.003333
0 0.002741
0 0.008255
0 0.005904
0 0.001283
0 0.044511
0 0.009852
0 0.000058
0 0.172204
0 0.007570
0 0.078370
0 0.008007
0 0.000069
0 0.098027
0 0.112474
0 0.627262
0 0.180781
0 0.061726
0 0.234232
0 0.041407
0 0.004106
0 0.000221
0 0.014339
0 0.002299
0 0.041526
0 0.008411
0 0.035126
0 0.018929
0 0.000765
0 0.000190
0 0.306185
0 0.610696
0 0.004360
0 0.007857
0 0.058674
0 0.034905
0 0.005882
0 0.809087
0 0.001904
0 0.105973
0 0.011425
0 0.011554
0 0.350302
0 0.264502
0 0.012426
0 0.016315
0 0.158992
0 0.402441
0 0.006953
0 0.412828
0 0.011172
0 0.000019
0 0.009963
0 0.001414
0 0.078404
0 0.002366
0 0.146580
0 0.000157
0 0.004615
0 0.045818
0 0.149469
0 0.000040
0 0.390579
0 0.005058
0 0.000327
0 0.016100
0 0.011206
0 0.018460
0 0.005074
0 0.013572
0 0.005020
0 0.010222
0 0.005931
0 0.000171
0 0.074105
0 0.001061
0 0.006144
0 0.014039
0 0.045216
0 0.243801
0 0.060702
0 0.066320
0 0.417159
0 0.279776
0 0.051047
0 0.000295
0 0.003635
0 0.077983
0 0.008628
0 0.082046
0 0.000319
0 0.020156
0 0.000472
0 0.003874
0 0.028513
0 0.001476
0 0.002870
0 0.296609
0 0.132518
0 0.129984
0 0.004787
0 0.024822
0 0.022138
0 0.213068
0 0.017068
0 0.000655
0 0.319909
0 0.000645
0 0.008603
0 0.003557
0 0.163796
0 0.000717
0 0.044186
0 0.010575
0 0.134236
0 0.434643
0 0.000004
0 0.354353
0 0.069113
0 0.001415
0 0.003030
0 0.085682
0 0.001578
0 0.353571
0 0.011281
0 0.111313
0 0.133119
0 0.024140
0 0.094350
0 0.025345
0 0.000418
0 0.023910
0 0.520533
0 0.023384
0 0.000019
0 0.000445
0 0.175622
0 0.531355
0 0.000499
0 0.004783
0 0.011203
0 0.012577
0 0.126002
0 0.055815
0 0.006971
0 0.001091
0 0.090032
0 0.006235
0 0.212565
0 0.000104
0 0.085310
0 0.028746
0 0.027105
0 0.040751
0 0.000812
0 0.048366
0 0.021342
0 0.004056
0 0.006973
0 0.000095
0 0.000595
0 0.576353
0 0.005848
0 0.397973
0 0.373925
0 0.351380
0 0.000015
0 0.007567
0 0.021587
0 0.607978
0 0.009106
0 0.000583
0 0.001416
0 0.005733
0 0.018769
0 0.230837
0 0.346447
0 0.324872
0 0.022701
0 0.000270
0 0.004676
0 0.010319
0 0.205237
0 0.316212
0 0.004891
0 0.013512
0 0.006135
0 0.863946
0 0.004809
0 0.039142
0 0.010777
0 0.009885
0 0.369932
0 0.001252
0 0.000382
0 0.004855
0 0.000684
0 0.000867
0 0.119797
0 0.000005
0 0.266935
0 0.000179
0 0.017352
0 0.020480
0 0.047470
0 0.002615
0 0.000023
0 0.038175
0 0.012904
0 0.355407
0 0.004970
0 0.003893
0 0.002686
0 0.056096
0 0.000675
0 0.125247
0 0.000158
0 0.068345
0 0.817563
0 0.148407
0 0.000672
0 0.004370
0 0.456549
0 0.000003
0 0.708929
0 0.012761
0 0.005580
0 0.009159
1 0.921289
1 0.240495
1 0.651904
1 0.996203
1 0.626652
1 0.598898
1 0.862251
1 0.991906
1 0.938191
1 0.833971
1 0.687097
1 0.990295
1 0.146598
1 0.986062
1 0.990725
1 0.989459
1 0.851671
1 0.921378
1 0.623402
1 0.954210
1 0.989969
1 0.793148
1 0.927544
1 0.967534
1 0.984487
1 0.889234
1 0.214850
1 0.993785
1 0.691266
1 0.633251
1 0.973448
1 0.969919
1 0.991984
1 0.984050
1 0.881327
1 0.997981
1 0.997418
1 0.699283
1 0.596945
1 0.993719
1 0.491136
1 0.968940
1 0.711695
1 0.993469
1 0.995200
1 0.994589
1 0.964441
1 0.614988
1 0.982178
1 0.171628
1 0.655779
1 0.992643
1 0.988879
1 0.612953
1 0.992291
1 0.703194
1 0.974552
1 0.542761
1 0.915478
1 0.995384
1 0.902052
1 0.991569
1 0.904318
1 0.887262
1 0.301215
1 0.983550
1 0.806257
1 0.923428
1 0.920978
1 0.897340
1 0.947727
1 0.976573
1 0.826403
1 0.812053
1 0.947618
1 0.663201
1 0.442960
1 0.133365
1 0.713850
1 0.975417
1 0.981311
1 0.583691
1 0.812525
1 0.732742
1 0.229766
1 0.994427
1 0.911549
1 0.989228
1 0.921210
1 0.981779
1 0.995680
1 0.610628
1 0.813600
1 0.976315
1 0.983762
1 0.494765
1 0.569757
1 0.966092
1 0.064968
1 0.979875
1 0.984209
1 0.901365
1 0.212543
1 0.893995
1 0.887010
1 0.997285
1 0.867291
1 0.971827
1 0.044261
1 0.992013
1 0.990707
1 0.249897
1 0.977477
1 0.783350
1 0.990168
1 0.998461
1 0.905211
1 0.931322
1 0.391217
1 0.674113
1 0.929213
1 0.891694
1 0.837123
1 0.595156
1 0.991269
1 0.994617
1 0.204597
1 0.583592
1 0.787901
1 0.995753
1 0.967821
1 0.994902
1 0.469426
1 0.955548
1 0.385689
1 0.965007
1 0.308834
1 0.921917
1 0.989827
1 0.975033
1 0.037254
1 0.978694
1 0.787406
1 0.191767
1 0.899547
1 0.917708
1 0.646298
1 0.975637
1 0.960632
1 0.029439
1 0.920166
1 0.959916
1 0.997564
1 0.058466
1 0.936509
1 0.983093
1 0.970577
1 0.469081
1 0.915931
1 0.857360
1 0.576162
1 0.983107
1 0.979356
1 0.716749
1 0.991243
1 0.920366
1 0.990396
1 0.978917
1 0.828169
1 0.942037
1 0.987392
1 0.970022
1 0.964479
1 0.799298
1 0.867330
1 0.809900
1 0.725488
1 0.995003
1 0.097096
1 0.709439
1 0.996852
1 0.996545
1 0.973607
1 0.249720
1 0.936850
1 0.990300
1 0.529717
1 0.992352
1 0.762962
1 0.973782
1 0.989427
1 0.833081
1 0.671818
1 0.495619
1 0.475186
1 0.699977
1 0.972774
1 0.957045
1 0.996320
1 0.988501
1 0.747605
1 0.989211
1 0.157600
1 0.788243
1 0.712478
1 0.994141
1 0.759348
1 0.983644
1 0.992427
1 0.895274
1 0.987249
1 0.994450
1 0.934020
1 0.976096
1 0.927936
1 0.622276
1 0.237330
1 0.677359
1 0.390609
1 0.947107
1 0.747158
1 0.934121
1 0.934345
1 0.975293
1 0.967499
1 0.094540
1 0.890489
1 0.038538
1 0.919782
1 0.917243
1 0.965162
1 0.577761
1 0.987019
1 0.631525
1 0.988910
1 0.924589
1 0.172904
1 0.988844
1 0.738946
1 0.928855
1 0.873993
1 0.983333
1 0.752321
1 0.850584
1 0.982186
1 0.830868
1 0.784455
1 0.991508
1 0.889296
1 0.662825
1 0.922943
1 0.647711
1 0.835406
1 0.941672
1 0.463242
1 0.595350
1 0.989703
1 0.846534
1 0.997989
1 0.633507
1 0.540340
1 0.356034
1 0.761387
1 0.918491
1 0.829935
1 0.985691
1 0.881093
1 0.984602
1 0.681021
1 0.984741
1 0.986491
1 0.972976
1 0.947218
1 0.984891
1 0.984502
1 0.670988
1 0.973514
1 0.845867
1 0.895059
1 0.009886
1 0.990891
1 0.071161
1 0.951491
1 0.662864
1 0.929924
1 0.851171
1 0.952132
1 0.958773
1 0.975216
1 0.863919
1 0.981940
1 0.915867
1 0.964789
1 0.834444
1 0.852071
1 0.825356
1 0.975829
1 0.741041
1 0.993396
1 0.287335
1 0.938012
1 0.964616
1 0.986071
1 0.982565
1 0.981257
1 0.754398
1 0.966884
1 0.985286
1 0.866389
1 0.576276
1 0.974172
1 0.990388
1 0.692185
1 0.994484
1 0.987079
1 0.868301
1 0.996312
1 0.709517
1 0.998266
1 0.995374
1 0.255088
1 0.600551
1 0.960300
1 0.738413
1 0.973844
1 0.987082
1 0.978555
1 0.982658
1 0.431031
1 0.542733
1 0.841366
1 0.957473
1 0.895033
1 0.950062
1 0.947979
1 0.994368
1 0.557469
1 0.743484
1 0.932045
1 0.985690
1 0.995430
1 0.900400
1 0.461438
1 0.177848
1 0.433369
1 0.940040
1 0.031053
1 0.871728
1 0.721230
1 0.867232
1 0.933955
1 0.991341
1 0.984440
1 0.876531
1 0.709229
1 0.947016
1 0.618408
1 0.994598
1 0.956758
1 0.739922
1 0.949318
1 0.993471
1 0.992465
1 0.780209
1 0.909068
1 0.873456
1 0.991866
1 0.812143
1 0.670441
1 0.955782
1 0.986371
1 0.985518
1 0.937754
1 0.976546
1 0.992722
1 0.775279
1 0.893999
1 0.627597
1 0.219212
1 0.650608
1 0.958963
1 0.968432
1 0.945322
1 0.968285
1 0.987101
1 0.817173
1 0.866525
1 0.998327
1 0.991687
1 0.961470
1 0.756773
1 0.985354
1 0.955351
1 0.561448
1 0.902454
1 0.972891
1 0.994712
1 0.943442
1 0.457913
1 0.225775
1 0.984440
1 0.773386
1 0.905952
1 0.673996
1 0.952162
1 0.517136
1 0.455128
1 0.969041
1 0.606533
1 0.293767
1 0.941203
1 0.992934
1 0.881297
1 0.835427
1 0.768108
1 0.992377
1 0.988016
1 0.976224
1 0.992261
1 0.963422
1 0.570559
1 0.906556
1 0.192264
1 0.976548
1 0.900750
1 0.876095
1 0.976226
1 0.602323
1 0.969072
1 0.879968
1 0.986684
1 0.237313
1 0.967055
1 0.978803
1 0.664468
1 0.930511
1 0.548060
1 0.743988
1 0.911775
1 0.988249
1 0.996842
1 0.978403
1 0.525568
1 0.947743
1 0.243447
1 0.969732
1 0.961317
1 0.916096
1 0.966081
1 0.979408
1 0.884540
1 0.995696
1 0.978928
1 0.909926
1 0.683618
1 0.957121
1 0.925466
1 0.408505
1 0.858128
1 0.301573
1 0.728715
1 0.888210
1 0.834586
1 0.880107
1 0.991309
1 0.853079
1 0.945433
1 0.478996
1 0.590652
1 0.992402
1 0.991361
1 0.970770
1 0.641408
1 0.352895
1 0.650259
1 0.754384
1 0.790753
1 0.978453
1 0.738084
1 0.454267
1 0.997788
1 0.989497
1 0.896128
1 0.994887
1 0.739616
1 0.774313
1 0.315424
1 0.981240
1 0.849374
1 0.991055
1 0.953956
1 0.988356
1 0.708936
1 0.931100
1 0.934405
1 0.976415
1 0.920563
1 0.652981
1 0.905337
1 0.787031
1 0.951892
1 0.984628
1 0.511130
1 0.814927
1 0.501837
1 0.989610
1 0.904000
1 0.781154
1 0.873371
1 0.990721
1 0.985196
1 0.500925
1 0.901649
1 0.964322
1 0.989450
1 0.994537
1 0.875119
1 0.814361
1 0.922758
1 0.876060
1 0.973870
1 0.985784
1 0.944745
1 0.912973
1 0.966701
1 0.984221
1 0.980085
1 0.666691
1 0.906366
1 0.054201
1 0.596841
1 0.983621
1 0.992303
1 0.463670
1 0.952625
1 0.964533
1 0.986477
1 0.293318
1 0.651776
1 0.951046
1 0.733743
1 0.990308
1 0.001999
1 0.982432
1 0.902544
1 0.833452
1 0.993860
1 0.736587
1 0.944654
1 0.811879
1 0.027159
1 0.941997
1 0.816038
1 0.940213
1 0.822525
1 0.991286
1 0.219808
1 0.678410
1 0.990107
1 0.981664
1 0.958196
1 0.994939
1 0.977994
1 0.846333
1 0.707045
1 0.519576
1 0.972821
1 0.991789
1 0.154824
1 0.999139
1 0.072756
1 0.899693
1 0.736470
1 0.782914
1 0.986540
1 0.971763
1 0.263072
1 0.952215
1 0.901628
1 0.982004
1 0.264858
1 0.598840
1 0.975924
1 0.648567
1 0.990933
1 0.736869
1 0.888739
1 0.478589
1 0.945639
1 0.332498
1 0.966253
1 0.760881
1 0.888157
1 0.280654
1 0.336856
1 0.974429
1 0.942104
1 0.952904
1 0.852570
1 0.155884
1 0.348458
1 0.997278
1 0.994072
1 0.933006
1 0.845704
1 0.801286
1 0.949668
1 0.913418
1 0.968957
1 0.991576
1 0.981190
1 0.783046
1 0.988214
1 0.527428
1 0.888442
1 0.865698
1 0.910525
1 0.073789
1 0.071226
1 0.229174
1 0.968072
1 0.976653
1 0.896050
1 0.978762
1 0.995156
1 0.086600
1 0.981131
1 0.824658
1 0.997880
1 0.988796
1 0.771099
1 0.983835
1 0.751521
1 0.971887
1 0.568982
1 0.814767
1 0.896158
1 0.780239
1 0.953469
1 0.979312
1 0.986491
1 0.978412
1 0.975544
1 0.996677
1 0.695676
1 0.975995
1 0.886611
1 0.993025
1 0.966992
1 0.954219
1 0.837971
1 0.155757
1 0.888031
1 0.834054
1 0.845666
1 0.988535
1 0.928736
1 0.989691
1 0.573869
1 0.630969
1 0.934566
1 0.995687
1 0.997107
1 0.851913
1 0.804386
1 0.984020
1 0.480739
1 0.371110
1 0.782852
1 0.960574
1 0.891255
1 0.928385
1 0.018093
1 0.822493
1 0.949301
1 0.299904
1 0.992741
1 0.998947
1 0.502014
1 0.791045
1 0.239298
1 0.837362
1 0.069783
1 0.736313
1 0.962822
1 0.988835
1 0.939204
1 0.948828
1 0.911913
1 0.974761
1 0.961527
1 0.997449
1 0.596544
1 0.802410
1 0.970486
1 0.865835
1 0.891985
1 0.030052
1 0.799981
1 0.973608
1 0.025266
1 0.495181
1 0.813107
1 0.427666
1 0.989960
1 0.811656
1 0.569651
1 0.706119
1 0.659447
1 0.466852
1 0.836811
1 0.632538
1 0.982507
1 0.999004
1 0.776221
1 0.932196
1 0.768789
1 0.223310
1 0.991138
1 0.475409
1 0.991607
1 0.913292
1 0.239261
1 0.865666
1 0.963305
1 0.964772
1 0.997624
1 0.978829
1 0.770310
1 0.473847
1 0.977388
1 0.994505
1 0.380343
1 0.230759
1 0.887875
1 0.451457
1 0.748388
1 0.763311
1 0.855033
1 0.986057
1 0.744603
1 0.794157
1 0.767079
1 0.918604
1 0.947279
1 0.958568
1 0.746540
1 0.983334
1 0.947127
1 0.799558
1 0.956841
1 0.577705
1 0.963154
1 0.842248
1 0.754313
1 0.753482
1 0.541662
1 0.414840
1 0.975547
1 0.013169
1 0.985952
1 0.989524
1 0.967936
1 0.705306
1 0.457807
1 0.963562
1 0.995494
1 0.439535
1 0.983899
1 0.799440
1 0.994614
1 0.947667
1 0.997103
1 0.993304
1 0.747507
1 0.846505
1 0.960546
1 0.988309
1 0.923077
1 0.497705
1 0.556957
1 0.971827
1 0.951784
1 0.877689
1 0.795317
1 0.959166
1 0.983477
1 0.997095
1 0.899440
1 0.334497
1 0.823307
1 0.947338
1 0.020105
1 0.867909
1 0.532044
1 0.945748
1 0.953497
1 0.697636
1 0.904150
1 0.930652
1 0.725301
1 0.362459
1 0.933627
1 0.753195
1 0.975810
1 0.987678
1 0.918834
1 0.994368
1 0.636435
1 0.877812
1 0.436832
1 0.953957
1 0.927025
1 0.795286
1 0.401203
1 0.983371
1 0.778927
1 0.924966
1 0.905692
1 0.338291
1 0.175536
1 0.982105
1 0.637636
1 0.941338
1 0.679486
1 0.186539
1 0.627252
1 0.978279
1 0.679715
1 0.992367
1 0.866821
1 0.708221
1 0.921516
1 0.661700
1 0.931101
1 0.978037
1 0.905119
1 0.785740
1 0.959029
1 0.991241
1 0.658521
1 0.456798
1 0.876182
1 0.993370
1 0.835012
1 0.836520
1 0.981268
1 0.896846
1 0.838620
1 0.802451
1 0.910815
1 0.990271
1 0.862298
1 0.946254
1 0.561980
1 0.986516
1 0.082149
1 0.997484
1 0.972822
1 0.991858
1 0.993907
1 0.419301
1 0.735419
1 0.987953
1 0.832954
1 0.901661
1 0.009950
1 0.996666
1 0.975310
1 0.996926
1 0.467888
1 0.670038
1 0.995673
1 0.109116
1 0.925137
1 0.131376
1 0.566401
1 0.610470
1 0.971030
1 0.958614
1 0.190909
1 0.744537
1 0.968972
1 0.974865
1 0.987634
1 0.039634
1 0.822884
1 0.988931
1 0.996928
1 0.214221
1 0.539841
1 0.994759
1 0.961461
1 0.983967
1 0.935143
1 0.772111
1 0.984096
1 0.973820
1 0.975598
1 0.936188
1 0.988609
1 0.960930
1 0.758990
1 0.993089
1 0.992573
1 0.970546
1 0.902001
1 0.786684
1 0.993930
1 0.951970
1 0.993469
1 0.832360
1 0.725919
1 0.769373
1 0.956290
1 0.064668
1 0.024040
1 0.991645
1 0.905987
1 0.759386
1 0.920143
1 0.640868
1 0.947687
1 0.981889
1 0.841261
1 0.831344
1 0.950605
1 0.976197
1 0.228870
1 0.974525
1 0.973068
1 0.793839
1 0.985727
1 0.992686
1 0.975268
1 0.943214
1 0.720340
1 0.730042
1 0.958173
1 0.993719
1 0.019324
1 0.991883
1 0.921309
1 0.889258
1 0.989892
1 0.957546
1 0.343043
1 0.906159
1 0.858047
1 0.802464
1 0.994674
1 0.570068
1 0.834836
1 0.959151
1 0.976631
1 0.758305
1 0.950994
1 0.948336
1 0.893680
1 0.678192
1 0.945073
1 0.981629
1 0.996857
1 0.060314
1 0.947973
1 0.946002
1 0.240750
1 0.994138
1 0.255915
1 0.954105
1 0.928977
1 0.991158
1 0.568887
1 0.993427
1 0.996442
1 0.997517
1 0.816083
1 0.795170
1 0.989821
1 0.665465
1 0.868930
1 0.979479
1 0.515385
1 0.657765
1 0.979066
1 0.991457
1 0.864576
1 0.969161
1 0.938883
1 0.981238
1 0.153290
1 0.987574
1 0.886565
1 0.223916
1 0.032941
1 0.258440
1 0.379052
1 0.762296
1 0.696622
1 0.995504
1 0.910783
1 0.996847
1 0.710067
1 0.990484
1 0.743429
1 0.967190
1 0.756343
1 0.949304
1 0.874951
1 0.987239
1 0.414772
1 0.916776
1 0.347124
1 0.969009
1 0.097213
1 0.637137
1 0.946079
1 0.993728
1 0.957612
1 0.771087
1 0.388457
1 0.806234
1 0.188349
1 0.984038
1 0.950412
1 0.881747
1 0.991063
1 0.781119
1 0.834586
1 0.702225
1 0.737536
1 0.950156
1 0.878720
1 0.996291
1 0.785533
1 0.694772
1 0.996299
1 0.990846
1 0.630055
1 0.982364
1 0.521196
1 0.246802
1 0.546709
1 0.926598
1 0.850599
1 0.999499
1 0.993525
1 0.967655
1 0.995826
1 0.995519
1 0.156127
1 0.919141
1 0.987769
1 0.986076
1 0.321902
1 0.401544
1 0.944068
1 0.923254
1 0.985357
1 0.411659
1 0.108274
1 0.788950
1 0.170804
1 0.972184
1 0.947430
1 0.980930
1 0.996734
1 0.966416
1 0.915530
1 0.994574
1 0.968970
1 0.967837
1 0.330367
1 0.910892
1 0.956716
1 0.984647
1 0.839611
1 0.989306
1 0.900394
1 0.902309
1 0.925537
1 0.862584
1 0.981426
1 0.998447
1 0.988656
1 0.709030
1 0.545847
1 0.982238
1 0.619127
1 0.966366
1 0.978742
1 0.997001
1 0.911256
1 0.995277
1 0.514220
1 0.998336
1 0.716515
1 0.992392
1 0.994758
1 0.814502
1 0.925010
1 0.989995
1 0.851936
1 0.889411
1 0.895902
1 0.987923
1 0.941185
1 0.854980
1 0.991871
1 0.976434
1 0.656322
1 0.416133
1 0.755401
1 0.793307
1 0.050794
1 0.970601
1 0.509005
1 0.970706
1 0.673869
1 0.653814
1 0.602834
1 0.870819
1 0.972064
1 0.986667
1 0.877524
1 0.418795
1 0.991066
1 0.978921
1 0.955465
1 0.049699
1 0.943470
1 0.664065
1 0.946086
1 0.989359
1 0.986047
1 0.523764
1 0.929980
1 0.888180
1 0.952087
1 0.853282
1 0.634271
1 0.976464
1 0.561775
1 0.537657
1 0.753679
1 0.989951
1 0.948679
1 0.872528
1 0.777695
1 0.896177
1 0.942227
1 0.963140
1 0.805720
1 0.035264
1 0.908480
1 0.850617
1 0.985347
1 0.991445
1 0.947669
1 0.961860
1 0.945611
1 0.985455
1 0.655938
1 0.092667
1 0.162284
1 0.965183
1 0.989079
1 0.982024
1 0.994588
1 0.737996
1 0.733835
1 0.884713
1 0.908213
1 0.972229
1 0.938350
1 0.505922
1 0.986698
1 0.204963
1 0.070775
1 0.092407
1 0.992480
1 0.997155
1 0.647768
1 0.988897
1 0.912903
1 0.012981
1 0.946978
1 0.853540
1 0.672220
1 0.215846
1 0.777785
1 0.994754
1 0.643218
1 0.992310
1 0.844402
1 0.998736
1 0.898802
1 0.970595
1 0.993706
1 0.463397
1 0.998329
1 0.930552
1 0.485698
1 0.995861
1 0.558635
1 0.981883
1 0.964169
1 0.993656
1 0.951818
1 0.637511
1 0.338724
1 0.669500
1 0.950688
1 0.472003
1 0.351849
1 0.975167
1 0.032851
1 0.156974
1 0.894398
1 0.908018
1 0.979456
1 0.989852
1 0.995051
1 0.939922
1 0.689546
1 0.820495
1 0.995106
1 0.280561
1 0.494901
1 0.993655
1 0.963948
1 0.965645
1 0.878669
1 0.825824
1 0.681477
1 0.587236
1 0.946999
1 0.921059
1 0.905207
1 0.930967
1 0.841895
1 0.754802
1 0.866487
1 0.988570
1 0.985211
1 0.211588
1 0.994841
1 0.998061
1 0.493729
1 0.956245
1 0.979622
1 0.796587
1 0.867513
1 0.993677
1 0.990650
1 0.973596
1 0.054610
1 0.944505
1 0.479211
1 0.927553
1 0.991430
1 0.174122
1 0.988713
1 0.921257
1 0.724609
1 0.993758
1 0.511838
1 0.823207
1 0.245677
1 0.992261
1 0.982484
1 0.128244
1 0.631810
1 0.998023
1 0.936980
1 0.993703
1 0.970608
1 0.738943
1 0.896112
1 0.931119
1 0.580652
1 0.845729
1 0.969657
1 0.992178
1 0.983263
1 0.168723
1 0.869256
1 0.980537
1 0.933269
1 0.296068
1 0.953310
1 0.909508
1 0.638140
1 0.678386
1 0.773309
1 0.892821
1 0.952502
1 0.978168
1 0.818788
1 0.925940
1 0.841527
1 0.962434
1 0.650730
1 0.966219
1 0.687355
1 0.989897
1 0.987194
1 0.987506
1 0.997860
1 0.792047
1 0.784699
1 0.996107
1 0.838789
1 0.977251
1 0.926403
1 0.966918
1 0.645706
1 0.963375
1 0.890748
1 0.989194
1 0.484820
1 0.863011
1 0.517575
1 0.947833
1 0.535113
1 0.985136
1 0.292941
1 0.959242
1 0.476196
1 0.827947
1 0.954029
1 0.990688
1 0.965876
1 0.981641
1 0.994762
1 0.825886
1 0.975974
1 0.583648
1 0.102113
1 0.992183
1 0.989916
1 0.659100
1 0.939072
1 0.613617
1 0.911141
1 0.976640
1 0.845039
1 0.967116
1 0.988929
1 0.791560
1 0.969482
1 0.953426
1 0.833431
1 0.690637
1 0.841037
1 0.958719
1 0.843075
1 0.942451
1 0.821463
1 0.997009
1 0.687711
1 0.955411
1 0.991766
1 0.993767
1 0.997247
1 0.978456
1 0.555220
1 0.976882
1 0.925354
1 0.937686
1 0.919119
1 0.047525
1 0.963305
1 0.929498
1 0.622968
1 0.805204
1 0.974747
1 0.511668
1 0.993888
1 0.040889
1 0.969849
1 0.990666
1 0.787996
1 0.735380
1 0.621792
1 0.540264
1 0.981798
1 0.479936
1 0.989429
1 0.889387
1 0.806374
1 0.985346
1 0.757490
1 0.253415
1 0.370008
1 0.586923
1 0.803072
1 0.983347
1 0.996675
1 0.975759
1 0.961297
1 0.315565
1 0.918041
1 0.843089
1 0.975973
1 0.967398
1 0.630208
1 0.953665
1 0.902398
1 0.832214
1 0.953580
1 0.955690
1 0.613352
1 0.648252
1 0.493382
1 0.976584
1 0.479859
1 0.999153
1 0.901778
1 0.997364
1 0.345549
1 0.980239
1 0.998229
1 0.750471
1 0.904549
1 0.862115
1 0.221707
1 0.817289
1 0.876200
1 0.962775
1 0.423937
1 0.880245
1 0.657892
1 0.701853
1 0.371205
1 0.347325
1 0.907017
1 0.935704
1 0.707575
1 0.827922
1 0.781291
1 0.948938
1 0.953966
1 0.995265
1 0.314489
1 0.492913
1 0.978622
1 0.539678
1 0.931995
1 0.777520
1 0.987209
1 0.153118
1 0.190795
1 0.966326
1 0.411965
1 0.901431
1 0.932565
1 0.510935
1 0.437334
1 0.186417
1 0.969021
1 0.057538
1 0.765657
1 0.989849
1 0.729809
1 0.354197
1 0.814636
1 0.992495
1 0.863281
1 0.661630
1 0.847148
1 0.576981
1 0.518032
1 0.792429
1 0.974221
1 0.983431
1 0.930963
1 0.906788
1 0.580413
1 0.915385
1 0.974565
1 0.803342
1 0.548284
1 0.779698
1 0.164408
1 0.985503
1 0.780527
1 0.728721
1 0.803445
1 0.906618
1 0.987313
1 0.883420
1 0.988044
1 0.561405
1 0.789896
1 0.809123
1 0.790060
1 0.734356
1 0.992195
1 0.996216
1 0.990909
1 0.943371
1 0.918674
1 0.963035
1 0.956070
1 0.946728
1 0.993756
1 0.849652
1 0.777466
1 0.790877
1 0.992238
1 0.991046
1 0.959479
1 0.534135
1 0.985284
1 0.976650
1 0.994140
1 0.982689
1 0.814106
1 0.868957
1 0.926271
1 0.980537
1 0.793162
1 0.889203
1 0.864362
1 0.987972
1 0.881024
1 0.998101
1 0.944139
1 0.991055
1 0.701191
1 0.592260
1 0.938396
1 0.883184
1 0.990146
1 0.295258
1 0.969263
1 0.726957
1 0.589736
1 0.894174
1 0.832466
1 0.870710
1 0.893354
1 0.599704
1 0.738556
1 0.933433
1 0.990434
1 0.354302
1 0.984729
1 0.956729
1 0.231391
1 0.943347
1 0.781100
1 0.728372
1 0.952240
1 0.526105
1 0.994086
1 0.948709
1 0.949511
1 0.876524
1 0.996122
1 0.632488
1 0.934904
1 0.972064
1 0.696658
1 0.836405
1 0.827310
1 0.984378
1 0.990731
1 0.950024
1 0.968027
1 0.955714
1 0.987093
1 0.979257
1 0.987230
1 0.056816
1 0.898452
1 0.600014
1 0.784652
1 0.018526
1 0.120104
1 0.608889
1 0.967803
1 0.852853
1 0.931536
1 0.989299
1 0.904827
1 0.885238
1 0.979645
1 0.731634
1 0.989966
1 0.843422
1 0.951028
1 0.991619
1 0.935031
1 0.993780
1 0.240932
1 0.584460
1 0.974928
1 0.860772
1 0.994606
1 0.916185
1 0.483278
1 0.734999
1 0.489751
1 0.988245
1 0.853936
1 0.801623
1 0.092230
1 0.912004
1 0.883388
1 0.975820
1 0.665928
1 0.806959
1 0.854057
1 0.453101
1 0.709303
1 0.979898
1 0.914508
1 0.990062
1 0.861930
1 0.281659
1 0.978267
1 0.417461
1 0.341725
1 0.912448
1 0.534170
1 0.905963
1 0.760889
1 0.978194
1 0.500841
1 0.991867
1 0.848719
1 0.060574
1 0.436135
1 0.786295
1 0.967796
1 0.661437
1 0.440849
1 0.986535
1 0.980145
1 0.959268
1 0.993060
1 0.976923
1 0.991882
1 0.935497
1 0.988448
1 0.905096
1 0.992290
1 0.951090
1 0.994499
1 0.070455
1 0.986433
1 0.984066
1 0.971442
1 0.620707
1 0.764426
1 0.683830
1 0.817554
1 0.987830
1 0.987217
1 0.981962
1 0.976367
1 0.985565
1 0.218094
1 0.498283
1 0.313126
1 0.650432
1 0.990484
1 0.984717
1 0.904062
1 0.935044
1 0.767199
1 0.717935
1 0.694871
1 0.982872
1 0.989977
1 0.818785
1 0.948965
1 0.457952
1 0.997084
1 0.971648
1 0.955135
1 0.984226
1 0.943276
1 0.929247
1 0.982906
1 0.898437
1 0.998986
1 0.865788
1 0.953729
1 0.679730
1 0.192075
1 0.411325
1 0.485462
1 0.440509
1 0.977704
1 0.974676
1 0.935244
1 0.931861
1 0.951721
1 0.809269
1 0.854218
1 0.856851
1 0.740522
1 0.763273
1 0.865717
1 0.990074
1 0.815548
1 0.908751
1 0.000899
1 0.845556
1 0.918081
1 0.000673
1 0.006848
1 0.989555
1 0.854171
1 0.986864
1 0.065902
1 0.996617
1 0.983338
1 0.984729
1 0.899770
1 0.990758
1 0.940071
1 0.896959
1 0.925323
1 0.694383
1 0.592198
1 0.988139
1 0.837332
1 0.994851
1 0.983210
1 0.834300
1 0.670096
1 0.981069
1 0.454259
1 0.624166
1 0.998382
1 0.238454
1 0.984806
1 0.974640
1 0.930784
1 0.967194
1 0.357250
1 0.997364
1 0.975851
1 0.978731
1 0.843946
1 0.295909
1 0.554089
1 0.877311
1 0.781696
1 0.945157
1 0.763454
1 0.637342
1 0.886686
1 0.994799
1 0.989539
1 0.361866
1 0.788795
1 0.829481
1 0.892179
1 0.224058
1 0.373604
1 0.037722
1 0.952366
1 0.823063
1 0.846016
1 0.845720
1 0.937428
1 0.876272
1 0.909940
1 0.345181
1 0.824185
1 0.942116
1 0.963348
1 0.775638
1 0.988240
1 0.912990
1 0.934803
1 0.636224
1 0.990872
1 0.412785
1 0.646201
1 0.174133
1 0.925560
1 0.181916
1 0.298239
1 0.844934
1 0.994871
1 0.910361
1 0.946126
1 0.943813
1 0.511556
1 0.815052
1 0.793632
1 0.871843
1 0.978782
1 0.944162
1 0.139741
1 0.950927
1 0.899892
1 0.988911
1 0.412985
1 0.942796
1 0.845501
1 0.986903
1 0.701874
1 0.424214
1 0.538561
1 0.929049
1 0.985367
1 0.676852
1 0.269729
1 0.106727
1 0.995928
1 0.853695
1 0.941783
1 0.666308
1 0.723114
1 0.435395
1 0.751719
1 0.850757
1 0.978023
1 0.590671
1 0.974099
1 0.765972
1 0.826949
1 0.575092
1 0.111661
1 0.912334
1 0.734630
1 0.860799
1 0.972327
1 0.997168
1 0.944526
1 0.881458
1 0.997315
1 0.913734
1 0.510767
1 0.981689
1 0.989828
1 0.941595
1 0.943200
1 0.939155
1 0.699195
1 0.289069
1 0.072762
1 0.516385
1 0.904968
1 0.995459
1 0.500876
1 0.869888
1 0.927166
1 0.977004
1 0.776724
1 0.955952
1 0.640046
1 0.902407
1 0.990390
1 0.077962
1 0.969448
1 0.356625
1 0.997025
1 0.891376
1 0.917365
1 0.994131
1 0.928780
1 0.920405
1 0.970107
1 0.761328
1 0.085721
1 0.794183
1 0.443615
1 0.993068
1 0.271073
1 0.226268
1 0.938798
1 0.944343
1 0.935391
1 0.960314
1 0.935703
1 0.994309
1 0.304787
1 0.903122
1 0.424273
1 0.883324
1 0.988250
1 0.717573
1 0.830845
1 0.996796
1 0.984772
1 0.879361
1 0.985246
1 0.255620
1 0.844098
1 0.292678
1 0.776543
1 0.985005
1 0.844293
1 0.218972
1 0.542759
1 0.980717
1 0.968613
1 0.982029
1 0.894767
1 0.974042
1 0.997708
1 0.976831
1 0.724030
1 0.915733
1 0.543427
1 0.629811
1 0.956945
1 0.732605
1 0.669295
1 0.976919
1 0.210309
1 0.926081
1 0.054490
1 0.911989
1 0.196199
1 0.979773
1 0.964541
1 0.715671
1 0.964332
1 0.997671
1 0.987457
1 0.823932
1 0.993362
1 0.709976
1 0.899358
1 0.986508
1 0.712807
1 0.621617
1 0.896869
1 0.942454
1 0.994688
1 0.980335
1 0.839586
1 0.796898
1 0.703495
1 0.601327
1 0.901545
1 0.982411
1 0.716688
1 0.857441
1 0.902027
1 0.996462
1 0.263993
1 0.107044
1 0.902301
1 0.943923
1 0.987925
1 0.924095
1 0.955424
1 0.929392
1 0.990296
1 0.962966
1 0.876799
1 0.024461
1 0.742480
1 0.944639
1 0.977008
1 0.725588
1 0.928573
1 0.935965
1 0.999016
1 0.953061
1 0.990778
1 0.872823
1 0.723480
1 0.995480
1 0.978449
1 0.910088
1 0.819832
1 0.430312
1 0.910229
1 0.939961
1 0.759880
1 0.981537
1 0.881216
1 0.907813
1 0.987474
1 0.217989
1 0.985302
1 0.956547
1 0.993879
1 0.973158
1 0.948715
1 0.998084
1 0.043101
1 0.957520
1 0.962731
1 0.967582
1 0.914459
1 0.894707
1 0.935392
1 0.926384
1 0.449555
1 0.980587
1 0.852576
1 0.994061
1 0.759716
1 0.899085
1 0.740314
1 0.664940
1 0.903687
1 0.992253
1 0.778401
1 0.942810
1 0.964364
1 0.993916
1 0.804351
1 0.922982
1 0.764951
1 0.974615
1 0.809144
1 0.986797
1 0.968031
1 0.912742
1 0.640200
1 0.932799
1 0.912368
1 0.975511
1 0.967983
1 0.965114
1 0.687040
1 0.064053
1 0.957300
1 0.990181
1 0.766093
1 0.927230
1 0.439650
1 0.819030
1 0.979400
1 0.894048
1 0.868385
1 0.960574
1 0.570493
1 0.994752
1 0.826866
1 0.567061
1 0.770046
1 0.985578
1 0.709950
1 0.327364
1 0.967336
1 0.701620
1 0.625093
1 0.988104
1 0.953064
1 0.935617
1 0.992108
1 0.980921
1 0.357072
1 0.992833
1 0.940046
1 0.980823
1 0.972914
1 0.278312
1 0.956359
1 0.858290
1 0.988045
1 0.921154
1 0.980662
1 0.176671
1 0.858791
1 0.993366
1 0.983784
1 0.966134
1 0.968751
1 0.985558
1 0.623242
1 0.995836
1 0.743113
1 0.990951
1 0.693557
1 0.663428
1 0.967779
1 0.776956
1 0.930524
1 0.187839
1 0.990413
1 0.992310
1 0.842529
1 0.873050
1 0.990636
1 0.769137
1 0.863713
1 0.834141
1 0.988732
1 0.805420
1 0.932630
1 0.985868
1 0.849814
1 0.910713
1 0.986092
1 0.709453
1 0.993733
1 0.929120
1 0.905945
1 0.599499
1 0.878962
1 0.944753
1 0.984696
1 0.880001
1 0.977962
1 0.985374
1 0.619208
1 0.644414
1 0.984513
1 0.503259
1 0.989519
1 0.943249
1 0.989037
1 0.993913
1 0.898409
1 0.991043
1 0.816939
1 0.620517
1 0.022750
1 0.944668
1 0.712895
1 0.448719
1 0.575566
1 0.654822
1 0.895526
1 0.660843
1 0.573121
1 0.899217
1 0.585297
1 0.313590
1 0.813087
1 0.979511
1 0.931834
1 0.868450
1 0.989669
1 0.817280
1 0.946564
1 0.845710
1 0.127217
1 0.912638
1 0.633532
1 0.938278
1 0.921723
1 0.614934
1 0.375421
1 0.687695
1 0.196936
1 0.966133
1 0.767162
1 0.841973
1 0.989600
1 0.991778
1 0.913717
1 0.972179
1 0.983581
1 0.934829
1 0.956276
1 0.779550
1 0.905713
1 0.995412
1 0.979116
1 0.570753
1 0.698542
1 0.994631
1 0.285841
1 0.856246
1 0.986264
1 0.985170
1 0.943206
1 0.871698
1 0.986465
1 0.670589
1 0.983003
1 0.992035
1 0.882265
1 0.884890
1 0.828476
1 0.889862
1 0.966286
1 0.953483
1 0.911668
1 0.869394
1 0.552173
1 0.918873
1 0.703983
1 0.587315
1 0.018660
1 0.978811
1 0.401841
1 0.758169
1 0.997605
1 0.887188
1 0.790020
1 0.738534
1 0.994647
1 0.939064
1 0.929144
1 0.992711
1 0.984382
1 0.188444
1 0.989216
1 0.974150
1 0.561991
1 0.251417
1 0.563919
1 0.998132
1 0.867842
1 0.647354
1 0.991960
1 0.948618
1 0.445637
1 0.937846
1 0.807345
1 0.964714
1 0.254317
1 0.965467
1 0.818151
1 0.983694
1 0.019235
1 0.966042
1 0.975424
1 0.237686
1 0.982223
1 0.978897
1 0.758856
1 0.994360
1 0.494930
1 0.517416
1 0.996867
1 0.910066
1 0.990019
1 0.850976
1 0.024716
1 0.994439
1 0.557335
1 0.971074
1 0.970622
1 0.991017
1 0.988332
1 0.979643
1 0.721733
1 0.973139
1 0.993570
1 0.929598
1 0.978250
1 0.081365
1 0.436777
1 0.897550
1 0.995180
1 0.966915
1 0.621715
1 0.805050
1 0.975154
1 0.954563
1 0.986135
1 0.402672
1 0.302893
1 0.998727
1 0.908667
1 0.485716
1 0.985894
1 0.527699
1 0.064097
1 0.537698
1 0.497739
1 0.946814
1 0.960714
1 0.963536
1 0.955303
1 0.676643
1 0.981403
1 0.934671
1 0.713525
1 0.796372
1 0.924985
1 0.989933
1 0.807982
1 0.835098
1 0.159683
1 0.604620
1 0.596421
1 0.975422
1 0.976300
1 0.231949
1 0.992850
1 0.965093
1 0.863211
1 0.986353
1 0.777315
1 0.902528
1 0.993769
1 0.829144
1 0.965006
1 0.207894
1 0.978486
1 0.979206
1 0.489970
1 0.983411
1 0.996066
1 0.980236
1 0.705349
1 0.979336
1 0.792749
1 0.995438
1 0.880762
1 0.316775
1 0.998101
1 0.964274
1 0.874470
1 0.993227
1 0.371552
1 0.150992
1 0.888532
1 0.858182
1 0.991547
1 0.939717
1 0.618185
1 0.810943
1 0.991792
1 0.959886
1 0.799320
1 0.997302
1 0.887411
1 0.437042
1 0.988801
1 0.752249
1 0.577623
1 0.978246
1 0.978256
1 0.976487
1 0.126456
1 0.974763
1 0.947857
1 0.716920
1 0.772825
1 0.988650
1 0.799780
1 0.989315
1 0.403153
1 0.438519
1 0.995721
1 0.032920
1 0.849677
1 0.561196
1 0.916111
1 0.993976
1 0.222156
1 0.660515
1 0.725395
1 0.898152
1 0.979833
1 0.922414
1 0.990841
1 0.315123
1 0.967075
1 0.831791
1 0.487685
1 0.991538
1 0.989966
1 0.934232
1 0.888349
1 0.858458
1 0.981950
1 0.967618
1 0.641438
1 0.905934
1 0.838937
1 0.599244
1 0.974394
1 0.939781
1 0.544525
1 0.822969
1 0.990632
1 0.980969
1 0.640200
1 0.993219
1 0.830383
1 0.988452
1 0.995299
1 0.853207
1 0.984359
1 0.441141
1 0.923222
1 0.496646
1 0.931946
1 0.976914
1 0.849994
1 0.125627
1 0.668757
1 0.126851
1 0.572966
1 0.791593
1 0.521693
1 0.882767
1 0.084421
1 0.916476
1 0.641146
1 0.739613
1 0.987951
1 0.749192
1 0.141437
1 0.726412
1 0.982328
1 0.909054
1 0.892074
1 0.107046
1 0.954326
1 0.998288
1 0.922162
1 0.995846
1 0.891194
1 0.988774
1 0.848841
1 0.987310
1 0.761421
1 0.568409
1 0.934861
1 0.518532
1 0.985633
1 0.977212
1 0.396534
1 0.967419
1 0.858602
1 0.926729
1 0.794476
1 0.286281
1 0.349106
1 0.994779
1 0.896734
1 0.447353
1 0.583858
1 0.866191
1 0.988186
1 0.845731
1 0.329822
1 0.986454
1 0.845058
1 0.546177
1 0.476274
1 0.920752
1 0.754070
1 0.638901
1 0.827349
1 0.964388
1 0.708291
1 0.952450
1 0.994843
1 0.870862
1 0.585993
1 0.933875
1 0.994989
1 0.981412
1 0.972315
1 0.930327
1 0.804624
1 0.946700
1 0.968333
1 0.420658
1 0.969559
1 0.987438
1 0.984698
1 0.870931
1 0.992466
1 0.916621
1 0.994027
1 0.961891
1 0.631353
1 0.536097
1 0.985350
1 0.994807
1 0.978918
1 0.978839
1 0.962321
1 0.962970
1 0.987299
1 0.961082
1 0.545490
1 0.981944
1 0.955800
1 0.861759
1 0.938412
1 0.948102
1 0.983554
1 0.997380
1 0.986340
1 0.997287
1 0.743309
1 0.951390
1 0.363779
1 0.969916
1 0.867238
1 0.145859
1 0.996813
1 0.796273
1 0.958556
1 0.818091
1 0.040048
1 0.979119
1 0.955937
1 0.955010
1 0.964859
1 0.439488
1 0.759887
1 0.952525
1 0.912338
1 0.967502
1 0.776926
1 0.981394
1 0.973756
1 0.990053
1 0.879689
1 0.559585
1 0.926368
1 0.978542
1 0.709069
1 0.811263
1 0.990798
1 0.945411
1 0.957318
1 0.865783
1 0.962017
1 0.985084
1 0.978366
1 0.899662
1 0.942253
1 0.983291
1 0.938428
1 0.781634
1 0.655883
1 0.429584
1 0.280911
1 0.985370
1 0.385234
1 0.924020
1 0.991574
1 0.068593
1 0.841059
1 0.952702
1 0.989971
1 0.974162
1 0.237687
1 0.810803
1 0.868267
1 0.988167
1 0.250020
1 0.849251
1 0.909217
1 0.893061
1 0.980766
1 0.991657
1 0.903947
1 0.941404
1 0.948115
1 0.995603
1 0.956530
1 0.985588
1 0.689899
1 0.147139
1 0.890503
1 0.350174
1 0.995728
1 0.995294
1 0.294619
1 0.941469
1 0.566708
1 0.519212
1 0.596619
1 0.982898
1 0.989944
1 0.518840
1 0.983118
1 0.977893
1 0.979476
1 0.870926
1 0.966000
1 0.986438
1 0.868777
1 0.878039
1 0.933906
1 0.988422
1 0.991912
1 0.671568
1 0.786910
1 0.716466
1 0.763735
1 0.803218
1 0.784984
1 0.981377
1 0.230499
1 0.997775
1 0.947037
1 0.990237
1 0.767481
1 0.818691
1 0.885634
1 0.907775
1 0.962876
1 0.863901
1 0.995404
1 0.994493
1 0.916958
1 0.905135
1 0.905999
1 0.735316
1 0.508550
1 0.786896
1 0.730746
1 0.665561
1 0.700024
1 0.228405
1 0.813989
1 0.990399
1 0.318411
1 0.904972
1 0.984585
1 0.982624
1 0.743330
1 0.965990
1 0.966535
1 0.859346
1 0.962669
1 0.352083
1 0.974293
1 0.969867
1 0.505401
1 0.945406
1 0.996368
1 0.219979
1 0.257690
1 0.911433
1 0.354051
1 0.987987
1 0.983043
1 0.974631
1 0.340697
1 0.948900
1 0.971618
1 0.680120
1 0.997030
1 0.887538
1 0.351869
1 0.470349
1 0.998361
1 0.340939
1 0.963327
1 0.985378
1 0.978249
1 0.760150
1 0.950752
1 0.977605
1 0.992734
1 0.973908
1 0.950970
1 0.463434
1 0.860254
1 0.278701
1 0.995148
1 0.593424
1 0.811358
1 0.952888
1 0.782323
1 0.964833
1 0.747286
1 0.654925
1 0.738607
1 0.898914
1 0.846018
1 0.911480
1 0.952426
1 0.996921
1 0.061615
1 0.992835
1 0.656574
1 0.593729
1 0.984219
1 0.877866
1 0.926719
1 0.904042
1 0.779740
1 0.978776
1 0.916770
1 0.991401
1 0.475333
1 0.898951
1 0.979816
1 0.991343
1 0.987230
1 0.990855
1 0.767649
1 0.985119
1 0.947244
1 0.787377
1 0.954867
1 0.975250
1 0.964693
1 0.915363
1 0.855351
1 0.878598
1 0.540117
1 0.797931
1 0.980863
1 0.054695
1 0.230040
1 0.978892
1 0.890486
1 0.906287
1 0.953121
1 0.904270
1 0.253626
1 0.580049
1 0.974755
1 0.869937
1 0.955911
1 0.959954
1 0.993096
1 0.974661
1 0.989584
1 0.956621
1 0.991016
1 0.684650
1 0.792996
1 0.995013
1 0.968373
1 0.992641
1 0.856599
1 0.894695
1 0.954157
1 0.995735
1 0.775077
1 0.824985
1 0.960108
1 0.975102
1 0.871026
1 0.078668
1 0.972665
1 0.694535
1 0.743424
1 0.795205
1 0.979740
1 0.982981
1 0.810081
1 0.717545
1 0.889951
1 0.998260
1 0.976912
1 0.739406
1 0.738924
1 0.703351
1 0.806366
1 0.464296
1 0.964437
1 0.981696
1 0.952546
1 0.996940
1 0.873597
1 0.869386
1 0.984706
1 0.867001
1 0.225656
1 0.988340
1 0.966090
1 0.852745
1 0.444126
1 0.913295
1 0.984842
1 0.829485
1 0.804466
1 0.989708
1 0.545428
1 0.948434
1 0.814840
1 0.784981
1 0.059710
1 0.040444
1 0.898006
1 0.962412
1 0.886439
1 0.846901
1 0.925920
1 0.986658
1 0.988465
1 0.996229
1 0.970711
1 0.992302
1 0.741758
1 0.941941
1 0.985236
1 0.084218
1 0.835241
1 0.482396
1 0.976102
1 0.906093
1 0.965206
1 0.917810
1 0.977695
1 0.933296
1 0.941668
1 0.993339
1 0.903062
1 0.999006
1 0.986604
1 0.981547
1 0.998061
1 0.657775
1 0.857439
1 0.720735
1 0.951097
1 0.362430
1 0.983566
1 0.950800
1 0.898552
1 0.306588
1 0.303047
1 0.990219
1 0.422865
1 0.443438
1 0.863413
1 0.346887
1 0.644286
1 0.984803
1 0.942099
1 0.831705
1 0.982563
1 0.715601
1 0.987115
1 0.917521
1 0.863753
1 0.966395
1 0.989355
1 0.016379
1 0.177203
1 0.811481
1 0.983716
1 0.806161
1 0.996355
1 0.087322
1 0.893768
1 0.992357
1 0.924923
1 0.125096
1 0.589573
1 0.582705
1 0.786723
1 0.944282
1 0.979076
1 0.968563
1 0.920619
1 0.795628
1 0.784867
1 0.419809
1 0.992478
1 0.984809
1 0.950797
1 0.985479
1 0.240073
1 0.978456
1 0.953780
1 0.482907
1 0.162924
1 0.335348
1 0.966841
1 0.976856
1 0.964048
1 0.995290
1 0.728114
1 0.996525
1 0.297537
1 0.690967
1 0.667956
1 0.869073
1 0.445658
1 0.709530
1 0.791362
1 0.993203
1 0.844749
1 0.968556
1 0.997744
1 0.980841
1 0.903392
1 0.983623
1 0.992408
1 0.675116
1 0.539630
1 0.513935
1 0.986756
1 0.993737
1 0.994920
1 0.982033
1 0.987830
1 0.995523
1 0.972430
1 0.996387
1 0.742334
1 0.947352
1 0.920665
1 0.914832
1 0.877518
1 0.513556
1 0.989928
1 0.892316
1 0.362941
1 0.710848
1 0.480182
1 0.271073
1 0.993105
1 0.958738
1 0.964181
1 0.955404
1 0.962095
1 0.572998
1 0.990973
1 0.742411
1 0.647526
1 0.996054
1 0.818968
1 0.989031
1 0.850573
1 0.865625
1 0.884091
1 0.991255
1 0.996123
1 0.834853
1 0.992264
1 0.977682
1 0.986365
1 0.826575
1 0.986282
1 0.992990
1 0.962629
1 0.989815
1 0.994968
1 0.994213
1 0.965378
1 0.614420
1 0.969321
1 0.939897
1 0.783992
1 0.963970
1 0.904732
1 0.000059
1 0.995591
1 0.993075
1 0.985516
1 0.929123
1 0.800766
1 0.491913
1 0.937948
1 0.990510
1 0.738717
1 0.992013
1 0.967090
1 0.995872
1 0.879849
1 0.988169
1 0.973353
1 0.552073
1 0.966096
1 0.995734
1 0.976344
1 0.721849
1 0.147923
1 0.996435
1 0.941800
1 0.997422
1 0.704042
1 0.992629
1 0.996840
1 0.627247
1 0.973114
1 0.859492
1 0.621567
1 0.919623
1 0.998169
1 0.937839
1 0.932300
1 0.907786
1 0.980660
1 0.991460
1 0.930710
1 0.993307
1 0.581307
1 0.995747
1 0.345706
1 0.586760
1 0.954281
1 0.980906
1 0.985225
1 0.965927
1 0.788064
1 0.968041
1 0.970319
1 0.963744
1 0.152610
1 0.983009
1 0.194556
1 0.915258
