0 0.675046
0 0.059012
0 0.099885
0 0.371646
0 0.839510
0 0.048477
0 0.084374
0 0.594964
0 0.001539
0 0.040536
0 0.208322
0 0.088974
0 0.022476
0 0.023176
0 0.073107
0 0.062300
0 0.000597
0 0.158216
0 0.229492
0 0.020444
0 0.092468
0 0.018523
0 0.609293
0 0.097054
0 0.156343
0 0.052075
0 0.248016
0 0.009144
0 0.072859
0 0.036046
0 0.020557
0 0.471724
0 0.008142
0 0.049899
0 0.093094
0 0.157342
0 0.118426
0 0.003553
0 0.537824
0 0.305157
0 0.042942
0 0.819230
0 0.119781
0 0.062162
0 0.438283
0 0.009783
0 0.214770
0 0.060272
0 0.551893
0 0.061398
0 0.061400
0 0.038410
0 0.136593
0 0.085040
0 0.128821
0 0.147533
0 0.404638
0 0.052194
0 0.344865
0 0.451429
0 0.224270
0 0.878150
0 0.009405
0 0.026908
0 0.001367
0 0.093474
0 0.048758
0 0.081884
0 0.807234
0 0.138091
0 0.043874
0 0.097905
0 0.209456
0 0.138175
0 0.018529
0 0.010347
0 0.072367
0 0.090966
0 0.098345
0 0.094048
0 0.153325
0 0.098056
0 0.143781
0 0.173014
0 0.468591
0 0.259349
0 0.080766
0 0.603099
0 0.835021
0 0.279974
0 0.070580
0 0.289485
0 0.190110
0 0.036472
0 0.045550
0 0.010200
0 0.056495
0 0.384475
0 0.070130
0 0.705521
0 0.081905
0 0.106730
0 0.036074
0 0.036606
0 0.027856
0 0.273722
0 0.126191
0 0.059991
0 0.188134
0 0.176834
0 0.708850
0 0.269010
0 0.187120
0 0.006108
0 0.037407
0 0.056211
0 0.188296
0 0.038149
0 0.023651
0 0.190128
0 0.603417
0 0.007974
0 0.919175
0 0.184480
0 0.030362
0 0.125504
0 0.092669
0 0.439620
0 0.160268
0 0.086787
0 0.020557
0 0.205927
0 0.585782
0 0.041130
0 0.035324
0 0.205332
0 0.024267
0 0.507714
0 0.244170
0 0.118057
0 0.249422
0 0.398790
0 0.061588
0 0.067170
0 0.243283
0 0.071194
0 0.063243
0 0.029518
0 0.122128
0 0.453805
0 0.198270
0 0.157933
0 0.148170
0 0.143885
0 0.081842
0 0.029177
0 0.131555
0 0.295644
0 0.091920
0 0.020557
0 0.162458
0 0.030130
0 0.057839
0 0.013289
0 0.037518
0 0.191489
0 0.345580
0 0.055748
0 0.520509
0 0.795214
0 0.402343
0 0.202000
0 0.581518
0 0.158903
0 0.002270
0 0.058996
0 0.131929
0 0.729917
0 0.079415
0 0.392140
0 0.054475
0 0.400088
0 0.751868
0 0.039920
0 0.281621
0 0.275483
0 0.122713
0 0.231300
0 0.029084
0 0.111273
0 0.053204
0 0.073797
0 0.032414
0 0.075998
0 0.005877
0 0.197309
0 0.083805
0 0.030400
0 0.155143
0 0.017462
0 0.185256
0 0.070206
0 0.021623
0 0.474088
0 0.455917
0 0.341812
0 0.445048
0 0.142446
0 0.004138
0 0.079747
0 0.400164
0 0.061297
0 0.816719
0 0.006839
0 0.042744
0 0.114324
0 0.065115
0 0.000077
0 0.685790
0 0.103649
0 0.000702
0 0.127709
0 0.067554
0 0.034518
0 0.000552
0 0.480869
0 0.427535
0 0.003087
0 0.107877
0 0.014080
0 0.344960
0 0.011330
0 0.103447
0 0.011146
0 0.053064
0 0.004304
0 0.002792
0 0.137944
0 0.057779
0 0.086752
0 0.066968
0 0.093299
0 0.116416
0 0.093177
0 0.183054
0 0.067931
0 0.677288
0 0.039266
0 0.386749
0 0.272758
0 0.125194
0 0.170288
0 0.498831
0 0.064431
0 0.375813
0 0.115978
0 0.039131
0 0.000330
0 0.000513
0 0.036069
0 0.248992
0 0.043641
0 0.141190
0 0.015156
0 0.038556
0 0.619535
0 0.074777
0 0.160575
0 0.259254
0 0.036678
0 0.223011
0 0.000838
0 0.011469
0 0.134755
0 0.116815
0 0.548849
0 0.024890
0 0.008918
0 0.336870
0 0.068579
0 0.129352
0 0.124222
0 0.060669
0 0.102837
0 0.481502
0 0.273018
0 0.567475
0 0.040029
0 0.057742
0 0.412407
0 0.042663
0 0.033512
0 0.910275
0 0.089045
0 0.113641
0 0.021228
0 0.282101
0 0.319362
0 0.321414
0 0.000220
0 0.013109
0 0.101867
0 0.084697
0 0.008557
0 0.149185
0 0.427616
0 0.120114
0 0.039201
0 0.023824
0 0.208800
0 0.052510
0 0.056913
0 0.021797
0 0.305119
0 0.417931
0 0.098515
0 0.002744
0 0.870015
0 0.108174
0 0.027449
0 0.218781
0 0.205340
0 0.095474
0 0.037170
0 0.016601
0 0.453694
0 0.034474
0 0.001854
0 0.335646
0 0.276856
0 0.398836
0 0.349047
0 0.398165
0 0.000442
0 0.126653
0 0.824574
0 0.047671
0 0.073897
0 0.057799
0 0.654786
0 0.199551
0 0.023602
0 0.169724
0 0.468366
0 0.098237
0 0.028558
0 0.044274
0 0.279355
0 0.654929
0 0.200898
0 0.363052
0 0.105464
0 0.156806
0 0.000027
0 0.413149
0 0.022168
0 0.238499
0 0.488618
0 0.105774
0 0.002552
0 0.089271
0 0.011173
0 0.058072
0 0.075254
0 0.022693
0 0.086936
0 0.345270
0 0.039081
0 0.122162
0 0.108062
0 0.020471
0 0.096628
0 0.099597
0 0.033660
0 0.618087
0 0.782666
0 0.069253
0 0.026135
0 0.098265
0 0.117359
0 0.071742
0 0.196654
0 0.059921
0 0.116398
0 0.125910
0 0.030985
0 0.006828
0 0.035134
0 0.057039
0 0.285321
0 0.186480
0 0.067004
0 0.292689
0 0.113949
0 0.115623
0 0.054419
0 0.003988
0 0.675968
0 0.019605
0 0.005944
0 0.107621
0 0.529235
0 0.026040
0 0.077081
0 0.237600
0 0.508969
0 0.022361
0 0.380936
0 0.021353
0 0.264834
0 0.272403
0 0.024178
0 0.228705
0 0.094082
0 0.114440
0 0.271241
0 0.123939
0 0.331156
0 0.211920
0 0.053092
0 0.436824
0 0.169179
0 0.383499
0 0.859263
0 0.482461
0 0.063900
0 0.130697
0 0.288635
0 0.050807
0 0.013490
0 0.010636
0 0.207956
0 0.001374
0 0.023953
0 0.009859
0 0.206679
0 0.048549
0 0.083019
0 0.010364
0 0.096817
0 0.040666
0 0.000598
0 0.738279
0 0.092493
0 0.303417
0 0.054227
0 0.244603
0 0.015791
0 0.149706
0 0.010599
0 0.005233
0 0.010918
0 0.004324
0 0.028491
0 0.490155
0 0.667839
0 0.033084
0 0.285108
0 0.172083
0 0.716018
0 0.028320
0 0.023449
0 0.002114
0 0.248895
0 0.036366
0 0.077658
0 0.169992
0 0.020025
0 0.396423
0 0.751747
0 0.016121
0 0.101561
0 0.000593
0 0.002394
0 0.099154
0 0.147534
0 0.141157
0 0.563456
0 0.046434
0 0.004363
0 0.094951
0 0.172262
0 0.019127
0 0.003439
0 0.018811
0 0.197822
0 0.587768
0 0.005767
0 0.226769
0 0.044783
0 0.282880
0 0.091973
0 0.054607
0 0.002168
0 0.002035
0 0.355017
0 0.039181
0 0.223371
0 0.188175
0 0.693219
0 0.156177
0 0.168072
0 0.322893
0 0.007537
0 0.157338
0 0.000174
0 0.051378
0 0.079289
0 0.483861
0 0.340645
0 0.020070
0 0.453969
0 0.049202
0 0.084521
0 0.074022
0 0.006047
0 0.063073
0 0.032163
0 0.080926
0 0.054396
0 0.266104
0 0.245380
0 0.008787
0 0.419096
0 0.024824
0 0.105349
0 0.053529
0 0.530161
0 0.051148
0 0.172932
0 0.145896
0 0.005452
0 0.063927
0 0.040528
0 0.613750
0 0.095118
0 0.439556
0 0.035513
0 0.311046
0 0.332330
0 0.329636
0 0.415034
0 0.016735
0 0.479019
0 0.013688
0 0.765786
0 0.220998
0 0.568758
0 0.280868
0 0.049204
0 0.784848
0 0.448981
0 0.151200
0 0.061333
0 0.244460
0 0.363849
0 0.103386
0 0.023113
0 0.075461
0 0.706748
0 0.077017
0 0.112256
0 0.003437
0 0.064081
0 0.113063
0 0.315478
0 0.437202
0 0.200260
0 0.002302
0 0.059063
0 0.006354
0 0.061449
0 0.053484
0 0.561590
0 0.192993
0 0.453231
0 0.390087
0 0.397080
0 0.132197
0 0.114890
0 0.005752
0 0.468616
0 0.055830
0 0.025472
0 0.005998
0 0.408507
0 0.205283
0 0.220205
0 0.016276
0 0.086411
0 0.101268
0 0.031881
0 0.049616
0 0.021068
0 0.034708
0 0.115389
0 0.044832
0 0.141530
0 0.383721
0 0.632417
0 0.078012
0 0.515571
0 0.036767
0 0.845409
0 0.015074
0 0.166148
0 0.188990
0 0.527354
0 0.092004
0 0.081914
0 0.243375
0 0.061816
0 0.009234
0 0.279783
0 0.305619
0 0.185044
0 0.228089
0 0.401493
0 0.187632
0 0.509086
0 0.128604
0 0.191192
0 0.014597
0 0.305198
0 0.711474
0 0.087804
0 0.007118
0 0.325884
0 0.006110
0 0.020992
0 0.031616
0 0.024420
0 0.306126
0 0.105503
0 0.074826
0 0.168571
0 0.156842
0 0.066643
0 0.331202
0 0.614122
0 0.032314
0 0.061581
0 0.123062
0 0.098770
0 0.740203
0 0.074910
0 0.090021
0 0.271952
0 0.447597
0 0.107798
0 0.018836
0 0.192168
0 0.008612
0 0.065990
0 0.026964
0 0.461000
0 0.073827
0 0.084697
0 0.353780
0 0.007934
0 0.002158
0 0.000408
0 0.064904
0 0.264867
0 0.019595
0 0.017380
0 0.020636
0 0.159621
0 0.048450
0 0.084912
0 0.037856
0 0.149279
0 0.057807
0 0.004577
0 0.065894
0 0.010010
0 0.318117
0 0.058961
0 0.009052
0 0.229153
0 0.297717
0 0.796523
0 0.133354
0 0.007021
0 0.362767
0 0.048442
0 0.048220
0 0.821990
0 0.163560
0 0.005276
0 0.062920
0 0.750838
0 0.003048
0 0.001009
0 0.123480
0 0.084080
0 0.004064
0 0.010498
0 0.216770
0 0.175515
0 0.431402
0 0.182500
0 0.004929
0 0.229348
0 0.142466
0 0.032911
0 0.220015
0 0.264130
0 0.102441
0 0.617752
0 0.206658
0 0.128681
0 0.001259
0 0.449364
0 0.143526
0 0.257100
0 0.495841
0 0.648274
0 0.073158
0 0.002886
0 0.059103
0 0.151371
0 0.311389
0 0.001926
0 0.097532
0 0.283140
0 0.096129
0 0.335028
0 0.013955
0 0.622881
0 0.463317
0 0.149420
0 0.001363
0 0.001854
0 0.028156
0 0.082290
0 0.023461
0 0.013764
0 0.123572
0 0.057725
0 0.000864
0 0.377339
0 0.223440
0 0.109562
0 0.094231
0 0.232244
0 0.366031
0 0.006407
0 0.622705
0 0.434256
0 0.390797
0 0.419676
0 0.079609
0 0.178611
0 0.023337
0 0.130486
0 0.008338
0 0.247290
0 0.019045
0 0.172638
0 0.102996
0 0.003945
0 0.026443
0 0.287610
0 0.803259
0 0.238727
0 0.107405
0 0.352538
0 0.428479
0 0.178569
0 0.576486
0 0.004432
0 0.020557
0 0.008999
0 0.206251
0 0.191046
0 0.729246
0 0.013885
0 0.110325
0 0.119756
0 0.465728
0 0.086844
0 0.189214
0 0.020319
0 0.086433
0 0.884399
0 0.624940
0 0.139682
0 0.406388
0 0.096182
0 0.110706
0 0.410208
0 0.178849
0 0.767434
0 0.002502
0 0.675534
0 0.028301
0 0.422047
0 0.364900
0 0.140920
0 0.072769
0 0.018544
0 0.294665
0 0.027695
0 0.273474
0 0.070616
0 0.032161
0 0.350431
0 0.085793
0 0.290145
0 0.181258
0 0.128755
0 0.247407
0 0.340285
0 0.061294
0 0.152482
0 0.071301
0 0.005115
0 0.213746
0 0.029831
0 0.455752
0 0.490084
0 0.176706
0 0.062711
0 0.580688
0 0.319538
0 0.282501
0 0.112753
0 0.011939
0 0.555261
0 0.020061
0 0.006282
0 0.034582
0 0.944112
0 0.080617
0 0.248224
0 0.306433
0 0.372822
0 0.504321
0 0.048132
0 0.014139
0 0.162170
0 0.318080
0 0.355466
0 0.243126
0 0.032874
0 0.126130
0 0.223265
0 0.025739
0 0.007960
0 0.142090
0 0.344601
0 0.053917
0 0.189600
0 0.286888
0 0.409974
0 0.972334
0 0.697860
0 0.010956
0 0.020017
0 0.506419
0 0.772010
0 0.017462
0 0.051099
0 0.024748
0 0.163310
0 0.032049
0 0.008921
0 0.136048
0 0.237695
0 0.639493
0 0.070284
0 0.160092
0 0.056977
0 0.309810
0 0.043893
0 0.008372
0 0.035672
0 0.095851
0 0.012558
0 0.777659
0 0.000140
0 0.036675
0 0.182170
0 0.124505
0 0.002750
0 0.095395
0 0.010572
0 0.066705
0 0.233734
0 0.000809
0 0.781086
0 0.069616
0 0.036283
0 0.213118
0 0.018672
0 0.014917
0 0.022913
0 0.794182
0 0.570672
0 0.168240
0 0.021807
0 0.164598
0 0.046014
0 0.464750
0 0.024040
0 0.604568
0 0.295269
0 0.124126
0 0.151779
0 0.169461
0 0.348713
0 0.047761
0 0.020924
0 0.353280
0 0.012518
0 0.011107
0 0.075281
0 0.002327
0 0.368392
0 0.784948
0 0.268183
0 0.337654
0 0.317936
0 0.320821
0 0.229351
0 0.339445
0 0.598500
0 0.143283
0 0.571860
0 0.004203
0 0.076513
0 0.120259
0 0.052275
0 0.093102
0 0.004061
0 0.132090
0 0.015826
0 0.007692
0 0.029741
0 0.012581
0 0.058033
0 0.071965
0 0.223342
0 0.133668
0 0.030360
0 0.031714
0 0.298307
0 0.051275
0 0.012421
0 0.057220
0 0.041785
0 0.157335
0 0.468942
0 0.061289
0 0.079747
0 0.004849
0 0.076315
0 0.377867
0 0.026470
0 0.263398
0 0.022116
0 0.135625
0 0.232890
0 0.225691
0 0.007079
0 0.073367
0 0.212937
0 0.239916
0 0.015175
0 0.356691
0 0.254088
0 0.007820
0 0.137102
0 0.170754
0 0.660878
0 0.978730
0 0.038479
0 0.122145
0 0.157604
0 0.006641
0 0.015054
0 0.004373
0 0.040887
0 0.179286
0 0.044021
0 0.612137
0 0.705364
0 0.007416
0 0.661695
0 0.158218
0 0.028267
0 0.388387
0 0.024967
0 0.496313
0 0.205915
0 0.044934
0 0.267633
0 0.525030
0 0.394091
0 0.290530
0 0.011916
0 0.154247
0 0.058334
0 0.286748
0 0.057244
0 0.209694
0 0.020254
0 0.360309
0 0.041370
0 0.000160
0 0.122981
0 0.765088
0 0.200585
0 0.120021
0 0.020867
0 0.146309
0 0.008029
0 0.398030
0 0.131200
0 0.282079
0 0.207473
0 0.287793
0 0.044841
0 0.222717
0 0.435853
0 0.007410
0 0.026357
0 0.054048
0 0.011219
0 0.195095
0 0.181383
0 0.632745
0 0.099588
0 0.004420
0 0.102334
0 0.377928
0 0.002689
0 0.121801
0 0.018654
0 0.036914
0 0.049981
0 0.045266
0 0.163492
0 0.185119
0 0.219171
0 0.036632
0 0.897205
0 0.088324
0 0.047750
0 0.090343
0 0.015235
0 0.186360
0 0.001916
0 0.567761
0 0.023670
0 0.092112
0 0.095292
0 0.081854
0 0.208093
0 0.040833
0 0.255902
0 0.054020
0 0.083380
0 0.182858
0 0.246330
0 0.761976
0 0.133307
0 0.017598
0 0.098285
0 0.527195
0 0.094264
0 0.252846
0 0.545851
0 0.071796
0 0.032105
0 0.048106
0 0.433388
0 0.087414
0 0.110054
0 0.040386
0 0.079314
0 0.208704
0 0.250340
0 0.424918
0 0.158083
0 0.151602
0 0.719275
0 0.826644
0 0.034568
0 0.095981
0 0.066501
0 0.432853
0 0.315132
0 0.079700
0 0.067682
0 0.406360
0 0.026255
0 0.011089
0 0.006297
0 0.019553
0 0.017011
0 0.028756
0 0.283060
0 0.092352
0 0.353936
0 0.040508
0 0.073436
0 0.028229
0 0.063955
0 0.012727
0 0.057723
0 0.042331
0 0.596734
0 0.183516
0 0.667185
0 0.063033
0 0.004666
0 0.029771
0 0.133827
0 0.001986
0 0.020110
0 0.084603
0 0.045359
0 0.201536
0 0.013082
0 0.136793
0 0.066789
0 0.096327
0 0.004313
0 0.000925
0 0.095532
0 0.329082
0 0.138758
0 0.127743
0 0.149917
0 0.300298
0 0.195458
0 0.004779
0 0.066780
0 0.076539
0 0.044285
0 0.018693
0 0.085811
0 0.052129
0 0.035736
0 0.557467
0 0.004994
0 0.079333
0 0.006715
0 0.123278
0 0.102209
0 0.056914
0 0.183632
0 0.112003
0 0.071229
0 0.111659
0 0.312029
0 0.099337
0 0.026335
0 0.541850
0 0.146038
0 0.105048
0 0.008008
0 0.182733
0 0.001167
0 0.203992
0 0.057565
0 0.500730
0 0.466322
0 0.022514
0 0.006893
0 0.521304
0 0.227543
0 0.020937
0 0.007231
0 0.051651
0 0.015313
0 0.143470
0 0.007995
0 0.167815
0 0.768840
0 0.067830
0 0.341964
0 0.015797
0 0.505994
0 0.168232
0 0.031896
0 0.211574
0 0.095905
0 0.024318
0 0.278501
0 0.006142
0 0.112848
0 0.005497
0 0.401617
0 0.039171
0 0.282128
0 0.008548
0 0.060685
0 0.510438
0 0.008918
0 0.039446
0 0.027678
0 0.224027
0 0.031709
0 0.492892
0 0.119654
0 0.301562
0 0.017136
0 0.048182
0 0.175004
0 0.237054
0 0.209419
0 0.004542
0 0.453766
0 0.044561
0 0.119098
0 0.368226
0 0.035659
0 0.706475
0 0.466704
0 0.148599
0 0.137416
0 0.000238
0 0.007499
0 0.838197
0 0.082736
0 0.001335
0 0.173516
0 0.621249
0 0.031191
0 0.874179
0 0.253183
0 0.128738
0 0.057117
0 0.006005
0 0.018948
0 0.322504
0 0.034452
0 0.119668
0 0.037753
0 0.029321
0 0.363628
0 0.014966
0 0.003860
0 0.089228
0 0.279496
0 0.030969
0 0.016181
0 0.355906
0 0.020908
0 0.050956
0 0.047099
0 0.041421
0 0.033822
0 0.784971
0 0.147865
0 0.034930
0 0.380527
0 0.279790
0 0.694290
0 0.115099
0 0.179520
0 0.120986
0 0.023750
0 0.095335
0 0.911001
0 0.030267
0 0.220448
0 0.008367
0 0.013466
0 0.173496
0 0.065058
0 0.055941
0 0.491295
0 0.239086
0 0.065726
0 0.078420
0 0.810690
0 0.291906
0 0.253324
0 0.003506
0 0.239023
0 0.176279
0 0.192085
0 0.011789
0 0.024617
0 0.042219
0 0.084934
0 0.068040
0 0.160009
0 0.593086
0 0.669551
0 0.200151
0 0.060946
0 0.009288
0 0.019719
0 0.862578
0 0.001126
0 0.515502
0 0.151965
0 0.005666
0 0.775834
0 0.792566
0 0.024514
0 0.534180
0 0.049830
0 0.080105
0 0.171086
0 0.058064
0 0.253610
0 0.013184
0 0.179846
0 0.017321
0 0.080993
0 0.115050
0 0.110765
0 0.154415
0 0.156195
0 0.183719
0 0.252678
0 0.731509
0 0.001379
0 0.067753
0 0.768811
0 0.018740
0 0.072798
0 0.012695
0 0.004157
0 0.018442
0 0.063827
0 0.004539
0 0.000793
0 0.174391
0 0.631914
0 0.127019
0 0.410353
0 0.126233
0 0.049427
0 0.004371
0 0.301199
0 0.091285
0 0.025187
0 0.000101
0 0.649731
0 0.009866
0 0.070869
0 0.044253
0 0.015188
0 0.035710
0 0.273264
0 0.215200
0 0.466396
0 0.226000
0 0.254860
0 0.879100
0 0.061995
0 0.218317
0 0.036620
0 0.012580
0 0.189175
0 0.605506
0 0.019672
0 0.024730
0 0.052090
0 0.336458
0 0.002233
0 0.004659
0 0.035907
0 0.020852
0 0.001038
0 0.054491
0 0.125301
0 0.214584
0 0.064347
0 0.494680
0 0.021946
0 0.023456
0 0.353121
0 0.009481
0 0.080218
0 0.837339
0 0.458130
0 0.071615
0 0.019752
0 0.198348
0 0.022215
0 0.145101
0 0.065151
0 0.181512
0 0.458060
0 0.037665
0 0.009973
0 0.492890
0 0.190158
0 0.245719
0 0.355248
0 0.040479
0 0.024227
0 0.039775
0 0.003361
0 0.010337
0 0.085014
0 0.021140
0 0.032417
0 0.049804
0 0.062274
0 0.057202
0 0.887769
0 0.001190
0 0.092841
0 0.024811
0 0.157710
0 0.000813
0 0.020893
0 0.053965
0 0.034109
0 0.207425
0 0.244904
0 0.859255
0 0.099592
0 0.076294
0 0.084992
0 0.209533
0 0.376499
0 0.040759
0 0.000273
0 0.144106
0 0.189175
0 0.020538
0 0.193710
0 0.295325
0 0.001639
0 0.113814
0 0.566767
0 0.040449
0 0.103107
0 0.070080
0 0.251149
0 0.007829
0 0.282524
0 0.068383
0 0.299859
0 0.494455
0 0.017246
0 0.679269
0 0.331679
0 0.009664
0 0.316302
0 0.194377
0 0.036490
0 0.031272
0 0.045862
0 0.468152
0 0.021089
0 0.095000
0 0.022123
0 0.045225
0 0.022654
0 0.003559
0 0.022648
0 0.117825
0 0.004566
0 0.121741
0 0.197668
0 0.000219
0 0.294298
0 0.090495
0 0.030385
0 0.064407
0 0.875728
0 0.008129
0 0.068563
0 0.261432
0 0.516034
0 0.104902
0 0.225660
0 0.029192
0 0.829429
0 0.573846
0 0.856412
0 0.084073
0 0.008372
0 0.877189
0 0.211650
0 0.604823
0 0.207566
0 0.007244
0 0.118120
0 0.062644
0 0.004813
0 0.174886
0 0.290991
0 0.863495
0 0.126152
0 0.299836
0 0.025864
0 0.235041
0 0.034243
0 0.420142
0 0.009644
0 0.011614
0 0.129895
0 0.088143
0 0.341144
0 0.101684
0 0.483459
0 0.033824
0 0.036795
0 0.341080
0 0.254610
0 0.000047
0 0.004142
0 0.158363
0 0.267820
0 0.075365
0 0.512638
0 0.034855
0 0.156791
0 0.341517
0 0.136490
0 0.055636
0 0.145824
0 0.003245
0 0.141169
0 0.400587
0 0.306172
0 0.134905
0 0.060003
0 0.079421
0 0.061530
0 0.086615
0 0.117861
0 0.093486
0 0.005331
0 0.003302
0 0.299296
0 0.040480
0 0.038668
0 0.135635
0 0.194065
0 0.456760
0 0.060876
0 0.744782
0 0.452298
0 0.082080
0 0.351735
0 0.110674
0 0.051645
0 0.123128
0 0.664975
0 0.282911
0 0.295855
0 0.506771
0 0.006254
0 0.105832
0 0.388104
0 0.252276
0 0.168166
0 0.013989
0 0.034471
0 0.569408
0 0.027513
0 0.068430
0 0.685786
0 0.079934
0 0.073629
0 0.010785
0 0.344478
0 0.002592
0 0.240875
0 0.043652
0 0.027296
0 0.443960
0 0.005669
0 0.182179
0 0.210610
0 0.091568
0 0.022192
0 0.018927
0 0.068812
0 0.072302
0 0.010624
0 0.321538
0 0.106062
0 0.398968
0 0.056925
0 0.077751
0 0.071585
0 0.087457
0 0.013457
0 0.126232
0 0.329236
0 0.149470
0 0.012626
0 0.472586
0 0.047735
0 0.059557
0 0.050517
0 0.000191
0 0.025368
0 0.079022
0 0.031167
0 0.861012
0 0.275503
0 0.002008
0 0.025876
0 0.599775
0 0.024746
0 0.220880
0 0.471271
0 0.100314
0 0.052672
0 0.013424
0 0.765561
0 0.085433
0 0.146775
0 0.210415
0 0.291108
0 0.019361
0 0.577572
0 0.094083
0 0.628708
0 0.271871
0 0.014397
0 0.004905
0 0.246174
0 0.004415
0 0.583091
0 0.017097
0 0.076538
0 0.064928
0 0.053460
0 0.139257
0 0.019759
0 0.826197
0 0.322479
0 0.319862
0 0.006338
0 0.558446
0 0.238375
0 0.156350
0 0.037042
0 0.112230
0 0.411240
0 0.022529
0 0.017535
0 0.132350
0 0.860420
0 0.899155
0 0.095106
0 0.422862
0 0.021478
0 0.022228
0 0.333609
0 0.216713
0 0.442124
0 0.122015
0 0.013335
0 0.035915
0 0.043096
0 0.146256
0 0.050128
0 0.012739
0 0.157652
0 0.032230
0 0.743767
0 0.045406
0 0.284802
0 0.003375
0 0.285889
0 0.122128
0 0.313765
0 0.006056
0 0.023005
0 0.054509
0 0.258370
0 0.108197
0 0.024959
0 0.979391
0 0.077118
0 0.210833
0 0.109700
0 0.004319
0 0.033087
0 0.042610
0 0.148703
0 0.020223
0 0.639337
0 0.859617
0 0.037316
0 0.042440
0 0.053809
0 0.175928
0 0.061871
0 0.034513
0 0.345749
0 0.801941
0 0.277402
0 0.055132
0 0.118448
0 0.126716
0 0.051660
0 0.027023
0 0.643426
0 0.211331
0 0.063669
0 0.879490
0 0.023242
0 0.005525
0 0.150633
0 0.263909
0 0.121537
0 0.003018
0 0.424541
0 0.048486
0 0.117834
0 0.023019
0 0.327030
0 0.616965
0 0.008568
0 0.400658
0 0.127117
0 0.005693
0 0.053299
0 0.133579
0 0.258339
0 0.150776
0 0.321509
0 0.311875
0 0.070535
0 0.828455
0 0.007178
0 0.028591
0 0.359288
0 0.030843
0 0.000703
0 0.206029
0 0.735897
0 0.179235
0 0.537429
0 0.547949
0 0.332718
0 0.281138
0 0.087979
0 0.011597
0 0.002428
0 0.135812
0 0.015936
0 0.092973
0 0.554734
0 0.198572
0 0.407521
0 0.047328
0 0.436225
0 0.204182
0 0.255096
0 0.039024
0 0.585740
0 0.048332
0 0.064549
0 0.053548
0 0.299987
0 0.020174
0 0.069526
0 0.467887
0 0.260719
0 0.169336
0 0.085530
0 0.190297
0 0.061518
0 0.047630
0 0.016060
0 0.000085
0 0.044982
0 0.291017
0 0.419673
0 0.046364
0 0.255237
0 0.237740
0 0.050724
0 0.155326
0 0.036852
0 0.010864
0 0.036417
0 0.017119
0 0.143781
0 0.018135
0 0.000039
0 0.093382
0 0.173006
0 0.123793
0 0.005244
0 0.011868
0 0.033073
0 0.013427
0 0.153573
0 0.009884
0 0.002514
0 0.096356
0 0.189272
0 0.000253
0 0.061736
0 0.048807
0 0.832768
0 0.738034
0 0.086235
0 0.258066
0 0.062663
0 0.867371
0 0.247919
0 0.256077
0 0.378054
0 0.136667
0 0.267909
0 0.146206
0 0.012602
0 0.233565
0 0.013216
0 0.091568
0 0.668750
0 0.620394
0 0.067218
0 0.121751
0 0.132561
0 0.078137
0 0.025478
0 0.155745
0 0.426257
0 0.586693
0 0.132516
0 0.675813
0 0.120765
0 0.294440
0 0.030122
0 0.298433
0 0.012307
0 0.604238
0 0.103628
0 0.456428
0 0.660501
0 0.035342
0 0.797142
0 0.032071
0 0.000223
0 0.126053
0 0.109526
0 0.045314
0 0.142669
0 0.355872
0 0.100814
0 0.100317
0 0.508367
0 0.938353
0 0.073359
0 0.194417
0 0.044551
0 0.223447
0 0.157779
0 0.573175
0 0.013091
0 0.515172
0 0.022837
0 0.158655
0 0.114721
0 0.793783
0 0.064000
0 0.299513
0 0.095277
0 0.168690
0 0.095063
0 0.104317
0 0.066028
0 0.437137
0 0.215497
0 0.781346
0 0.048667
0 0.116940
0 0.081486
0 0.038916
0 0.133706
0 0.329433
0 0.318759
0 0.311235
0 0.297317
0 0.033567
0 0.147893
0 0.019747
0 0.038332
0 0.447744
0 0.631150
0 0.083342
0 0.208176
0 0.241681
0 0.005473
0 0.097929
0 0.044808
0 0.068925
0 0.090463
0 0.001502
0 0.079699
0 0.082630
0 0.097413
0 0.456699
0 0.144090
0 0.262659
0 0.117977
0 0.025839
0 0.301466
0 0.087172
0 0.085766
0 0.582480
0 0.010089
0 0.104209
0 0.308534
0 0.023313
0 0.020682
0 0.332233
0 0.034696
0 0.580159
0 0.057576
0 0.043769
0 0.018250
0 0.068399
0 0.001375
0 0.028535
0 0.669147
0 0.656468
0 0.133656
0 0.145489
0 0.172212
0 0.159038
0 0.037703
0 0.067262
0 0.025498
0 0.013402
0 0.024687
0 0.166856
0 0.214982
0 0.079299
0 0.004446
0 0.003757
0 0.057734
0 0.001290
0 0.220311
0 0.721751
0 0.092447
0 0.000234
0 0.571567
0 0.031410
0 0.036582
0 0.038961
0 0.091160
0 0.163302
0 0.084598
0 0.043128
0 0.634667
0 0.785113
0 0.090022
0 0.047722
0 0.004750
0 0.009027
0 0.019543
0 0.023972
0 0.177381
0 0.892172
0 0.000599
0 0.083329
0 0.202281
0 0.001564
0 0.109290
0 0.035502
0 0.145377
0 0.004952
0 0.932417
0 0.093210
0 0.013988
0 0.725982
0 0.823786
0 0.020866
0 0.027904
0 0.210745
0 0.103514
0 0.143499
0 0.027793
0 0.103872
0 0.037281
0 0.565029
0 0.021793
0 0.157063
0 0.243698
0 0.200255
0 0.012287
0 0.023106
0 0.276506
0 0.052799
0 0.002666
0 0.361339
0 0.231952
0 0.099924
0 0.065089
0 0.342216
0 0.007812
0 0.360025
0 0.196804
0 0.046674
0 0.002429
0 0.060782
0 0.230530
0 0.469586
0 0.044024
0 0.006703
0 0.002048
0 0.073900
0 0.212332
0 0.051356
0 0.488863
0 0.535326
0 0.289951
0 0.293529
0 0.211819
0 0.334156
0 0.048684
0 0.372717
0 0.087024
0 0.023896
0 0.262704
0 0.078998
0 0.032308
0 0.058187
0 0.001031
0 0.117450
0 0.167988
0 0.111532
0 0.405674
0 0.175826
0 0.046979
0 0.011506
0 0.275866
0 0.741564
0 0.010688
0 0.105161
0 0.095719
0 0.008205
0 0.715523
0 0.208543
0 0.413728
0 0.143191
0 0.143396
0 0.000092
0 0.054681
0 0.159172
0 0.027714
0 0.001293
0 0.123439
0 0.135091
0 0.314351
0 0.146348
0 0.067302
0 0.903622
0 0.003862
0 0.006266
0 0.724721
0 0.020929
0 0.430158
0 0.105915
0 0.057942
0 0.013511
0 0.008456
0 0.834154
0 0.412695
0 0.297665
0 0.454019
0 0.014405
0 0.048394
0 0.199815
0 0.005813
0 0.065169
0 0.023876
0 0.184654
0 0.001137
0 0.025186
0 0.063765
0 0.439572
0 0.010439
0 0.000420
0 0.178563
0 0.651952
0 0.003505
0 0.019002
0 0.016239
0 0.883376
0 0.025282
0 0.018720
0 0.024727
0 0.002312
0 0.323958
0 0.183162
0 0.197139
0 0.114339
0 0.064921
0 0.019742
0 0.150361
0 0.212111
0 0.842584
0 0.147976
0 0.010022
0 0.107501
0 0.141716
0 0.476822
0 0.476031
0 0.021830
0 0.050092
0 0.348583
0 0.069671
0 0.001866
0 0.016508
0 0.009262
0 0.006499
0 0.001489
0 0.113358
0 0.027800
0 0.066843
0 0.206465
0 0.197738
0 0.475708
0 0.049760
0 0.021204
0 0.050997
0 0.035171
0 0.142759
0 0.243341
0 0.957378
0 0.015526
0 0.016581
0 0.177085
0 0.228411
0 0.029421
0 0.191591
0 0.524808
0 0.099234
0 0.022861
0 0.032233
0 0.018897
0 0.133807
0 0.012315
0 0.000679
0 0.378103
0 0.307045
0 0.251871
0 0.414935
0 0.111385
0 0.021572
0 0.424774
0 0.532512
0 0.019775
0 0.169697
0 0.193627
0 0.230592
0 0.034379
0 0.197181
0 0.001314
0 0.893285
0 0.054894
0 0.128742
0 0.038929
0 0.109762
0 0.019976
0 0.027658
0 0.417552
0 0.199667
0 0.021687
0 0.175681
0 0.084498
0 0.170527
0 0.016354
0 0.040510
0 0.021637
0 0.239195
0 0.035506
0 0.034896
0 0.333056
0 0.067864
0 0.080251
0 0.045165
0 0.000098
0 0.000955
0 0.506730
0 0.243888
0 0.000586
0 0.074733
0 0.819907
0 0.046054
0 0.039892
0 0.048299
0 0.002512
0 0.276019
0 0.295429
0 0.020442
0 0.701568
0 0.369989
0 0.383901
0 0.183217
0 0.550225
0 0.001979
0 0.048277
0 0.283983
0 0.143800
0 0.077062
0 0.441474
0 0.009071
0 0.040990
0 0.052971
0 0.042837
0 0.012598
0 0.213167
0 0.030742
0 0.039375
0 0.026340
0 0.049203
0 0.029894
0 0.472643
0 0.003634
0 0.037951
0 0.378577
0 0.127611
0 0.641391
0 0.740551
0 0.080809
0 0.004374
0 0.472363
0 0.028984
0 0.048788
0 0.064687
0 0.036900
0 0.244666
0 0.047817
0 0.136064
0 0.001267
0 0.003384
0 0.029849
0 0.539325
0 0.207267
0 0.005030
0 0.741428
0 0.012902
0 0.000801
0 0.171374
0 0.040128
0 0.041524
0 0.028377
0 0.008126
0 0.126447
0 0.771320
0 0.088073
0 0.198150
0 0.071860
0 0.109075
0 0.221278
0 0.810544
0 0.185878
0 0.166453
0 0.106213
0 0.004854
0 0.128815
0 0.046802
0 0.247814
0 0.448347
0 0.072058
0 0.753974
0 0.194169
0 0.001963
0 0.822253
0 0.555445
0 0.052488
0 0.135906
0 0.416268
0 0.372539
0 0.216476
0 0.112796
0 0.198080
0 0.020808
0 0.090616
0 0.872636
0 0.085195
0 0.120851
0 0.858342
0 0.137936
0 0.076591
0 0.489410
0 0.006225
0 0.474022
0 0.054464
0 0.122360
0 0.042630
0 0.106070
0 0.476572
0 0.097829
0 0.004941
0 0.099732
0 0.065546
0 0.105432
0 0.040916
0 0.137187
0 0.046602
0 0.838374
0 0.406203
0 0.003747
0 0.250629
0 0.642791
0 0.045624
0 0.075889
0 0.208373
0 0.002125
0 0.004979
0 0.008861
0 0.276276
0 0.075310
0 0.007195
0 0.883977
0 0.646453
0 0.656630
0 0.210029
0 0.401607
0 0.088209
0 0.450517
0 0.051023
0 0.011789
0 0.949481
0 0.041601
0 0.003374
0 0.012098
0 0.018947
0 0.094354
0 0.236080
0 0.092761
0 0.185611
0 0.002360
0 0.067668
0 0.018794
0 0.075269
0 0.639363
0 0.034522
0 0.027584
0 0.543175
0 0.047233
0 0.796206
0 0.417342
0 0.467815
0 0.002951
0 0.121771
0 0.544957
0 0.102964
0 0.250329
0 0.054339
0 0.017100
0 0.783640
0 0.111635
0 0.010533
0 0.111369
0 0.009511
0 0.090284
0 0.415090
0 0.856918
0 0.175915
0 0.229026
0 0.003862
0 0.211709
0 0.033817
0 0.865419
0 0.042578
0 0.174873
0 0.168255
0 0.179456
0 0.302958
0 0.072557
0 0.151520
0 0.206455
0 0.010211
0 0.781109
0 0.002593
0 0.041901
0 0.006728
0 0.110682
0 0.004909
0 0.028214
0 0.018056
0 0.052466
0 0.160184
0 0.229166
0 0.043618
0 0.039494
0 0.024738
0 0.041255
0 0.142946
0 0.006733
0 0.376241
0 0.127117
0 0.053253
0 0.364701
0 0.185318
0 0.838327
0 0.894906
0 0.450419
0 0.394667
0 0.168489
0 0.020512
0 0.171572
0 0.119772
0 0.057994
0 0.010896
0 0.060910
0 0.040825
0 0.073879
0 0.000701
0 0.273494
0 0.153496
0 0.598861
0 0.153780
0 0.085617
0 0.047808
0 0.143692
0 0.791992
0 0.203592
0 0.355070
0 0.444473
0 0.135406
0 0.024839
0 0.030746
0 0.085504
0 0.024434
0 0.039917
0 0.159380
0 0.154305
0 0.225652
0 0.608041
0 0.263792
0 0.753371
0 0.153305
0 0.044125
0 0.119996
0 0.041179
0 0.000131
0 0.133107
0 0.001510
0 0.018760
0 0.026301
0 0.160034
0 0.284396
0 0.612512
0 0.005238
0 0.001185
0 0.059631
0 0.274250
0 0.030654
0 0.698555
0 0.523321
0 0.092612
0 0.188786
0 0.417863
0 0.006436
0 0.026411
0 0.049079
0 0.371658
0 0.308694
0 0.088726
0 0.020563
0 0.018150
0 0.077723
0 0.019664
0 0.020008
0 0.261407
0 0.010193
0 0.340594
0 0.678100
0 0.061241
0 0.001606
0 0.108995
0 0.137234
0 0.154943
0 0.018940
0 0.010378
0 0.075891
0 0.407880
0 0.124623
0 0.058777
0 0.015121
0 0.001871
0 0.019538
0 0.927798
0 0.021697
0 0.091922
0 0.133094
0 0.026315
0 0.360537
0 0.004542
0 0.021828
0 0.195415
0 0.028693
0 0.414755
0 0.217900
0 0.291735
0 0.392956
0 0.038163
0 0.003187
0 0.129632
0 0.060673
0 0.013378
0 0.007950
0 0.025195
0 0.858315
0 0.035412
0 0.013037
0 0.384003
0 0.025929
0 0.463190
0 0.813152
0 0.158188
0 0.056176
0 0.247811
0 0.043482
0 0.022319
0 0.037709
0 0.096552
0 0.126943
0 0.042960
0 0.136880
0 0.009005
0 0.696758
0 0.277673
0 0.237806
0 0.042742
0 0.120001
0 0.050677
0 0.067256
0 0.065238
0 0.317579
0 0.000009
0 0.001350
0 0.162479
0 0.425813
0 0.001109
0 0.067380
0 0.012516
0 0.012723
0 0.020686
0 0.740243
0 0.343363
0 0.038412
0 0.184678
0 0.040929
0 0.020367
0 0.035611
0 0.291644
0 0.091661
0 0.159686
0 0.034326
0 0.010972
0 0.251733
0 0.604377
0 0.512863
0 0.298766
0 0.035575
0 0.009661
0 0.013637
0 0.110840
0 0.001367
0 0.214712
0 0.005803
0 0.217291
0 0.048356
0 0.287026
0 0.582670
0 0.008579
0 0.020859
0 0.237703
0 0.318828
0 0.002072
0 0.229999
0 0.028295
0 0.100618
0 0.227806
0 0.063419
0 0.041545
0 0.206119
0 0.032600
0 0.005655
0 0.485459
0 0.051853
0 0.018102
0 0.012690
0 0.107613
0 0.264834
0 0.130028
0 0.075898
0 0.391659
0 0.064515
0 0.020057
0 0.201221
0 0.724983
0 0.325613
0 0.009793
0 0.107614
0 0.021315
0 0.117207
0 0.028448
0 0.094152
0 0.212109
0 0.305091
0 0.015061
0 0.029011
0 0.026272
0 0.014591
0 0.325628
0 0.423366
0 0.034907
0 0.013406
0 0.006603
0 0.010685
0 0.142319
0 0.260587
0 0.093854
0 0.020327
0 0.062571
0 0.060639
0 0.061311
0 0.082368
0 0.068261
0 0.349526
0 0.063017
0 0.773153
0 0.000610
0 0.001213
0 0.008948
0 0.012587
0 0.267870
0 0.014308
0 0.147667
0 0.055275
0 0.151829
0 0.479233
0 0.271200
0 0.094718
0 0.405086
0 0.148043
0 0.103108
0 0.031854
0 0.018398
0 0.111005
0 0.067004
0 0.037013
0 0.346358
0 0.188742
0 0.024160
0 0.083936
0 0.660550
0 0.010652
0 0.067631
0 0.001007
0 0.022356
0 0.696323
0 0.110246
0 0.025248
0 0.008215
0 0.114738
0 0.137045
0 0.001587
0 0.055492
0 0.068860
0 0.222021
0 0.040353
0 0.154379
0 0.009059
0 0.383984
0 0.139503
0 0.197700
0 0.117686
0 0.157194
0 0.057612
0 0.207045
0 0.002233
0 0.082218
0 0.001581
0 0.281666
0 0.477239
0 0.053795
0 0.363708
0 0.017850
0 0.063282
0 0.081532
0 0.017443
0 0.000459
0 0.025005
0 0.800708
0 0.479008
0 0.415060
0 0.000243
0 0.198253
0 0.015764
0 0.144300
0 0.036167
0 0.049194
0 0.342485
0 0.343878
0 0.005699
0 0.006188
0 0.002172
0 0.041032
0 0.103032
0 0.647486
0 0.006392
0 0.005111
0 0.023951
0 0.058172
0 0.049344
0 0.882253
0 0.065242
0 0.054050
0 0.101362
0 0.096294
0 0.068865
0 0.779570
0 0.609890
0 0.032412
0 0.091402
0 0.092766
0 0.020304
0 0.011919
0 0.091771
0 0.226513
0 0.224837
0 0.698677
0 0.050197
0 0.057370
0 0.026482
0 0.158836
0 0.059680
0 0.368190
0 0.048659
0 0.022022
0 0.198970
0 0.079548
0 0.002180
0 0.035492
0 0.204929
0 0.011953
0 0.339371
0 0.475238
0 0.112296
0 0.173767
0 0.476455
0 0.764194
0 0.174982
0 0.114318
0 0.383139
0 0.132614
0 0.562286
0 0.300421
0 0.195586
0 0.022469
0 0.025037
0 0.132988
0 0.093393
0 0.098432
0 0.072587
0 0.713299
0 0.015299
0 0.861407
0 0.190837
0 0.230944
0 0.504522
0 0.402705
0 0.009755
0 0.113805
0 0.289485
0 0.040608
0 0.433255
0 0.156001
0 0.002770
0 0.093414
0 0.713309
0 0.057236
0 0.530170
0 0.164228
0 0.033648
0 0.089554
0 0.039880
0 0.470808
0 0.719391
0 0.161896
0 0.083762
0 0.044993
0 0.226889
0 0.121292
0 0.003503
0 0.957209
0 0.048042
0 0.027138
0 0.025539
0 0.065163
0 0.510379
0 0.340504
0 0.098704
0 0.034240
0 0.007826
0 0.026402
0 0.045744
0 0.016087
0 0.037586
0 0.295034
0 0.094713
0 0.156661
0 0.062873
0 0.004779
0 0.278027
0 0.001217
0 0.024841
0 0.052374
0 0.017174
0 0.092173
0 0.013024
0 0.055806
0 0.056689
0 0.426802
0 0.044509
0 0.036352
0 0.040558
0 0.780611
0 0.096781
0 0.024034
0 0.031156
0 0.244879
0 0.504467
0 0.196139
0 0.213755
0 0.160073
0 0.069798
0 0.116931
0 0.118816
0 0.271771
0 0.219033
0 0.131176
0 0.174434
0 0.010339
0 0.014895
0 0.006496
0 0.179405
0 0.152503
0 0.237713
0 0.213027
0 0.024061
0 0.429146
0 0.608737
0 0.656861
0 0.699480
0 0.396230
0 0.647824
0 0.079079
0 0.016832
0 0.650941
0 0.533336
0 0.017320
0 0.083767
0 0.034458
0 0.383520
0 0.006174
0 0.089663
0 0.312846
0 0.270717
0 0.086847
0 0.124743
0 0.055657
0 0.143836
0 0.153790
0 0.017093
0 0.050783
0 0.609392
0 0.040689
0 0.439353
0 0.104032
0 0.092805
0 0.047419
0 0.119697
0 0.154207
0 0.576709
0 0.231990
0 0.001115
0 0.008315
0 0.393549
0 0.647636
0 0.145169
0 0.406722
0 0.902488
0 0.227846
0 0.780926
0 0.301859
0 0.081147
0 0.003072
0 0.029908
0 0.050187
0 0.016400
0 0.446272
0 0.190598
0 0.138618
0 0.198296
0 0.158123
0 0.023196
0 0.043080
0 0.028290
0 0.297863
0 0.044752
0 0.038471
0 0.135171
0 0.189743
0 0.176785
0 0.118020
0 0.129783
0 0.557266
0 0.089816
0 0.027233
0 0.008105
0 0.356219
0 0.282335
0 0.049385
0 0.866402
0 0.394269
0 0.036644
0 0.228482
0 0.053244
0 0.176059
0 0.042101
0 0.033171
0 0.028991
0 0.033908
0 0.304205
0 0.177428
0 0.051883
0 0.287016
0 0.063282
0 0.304547
0 0.000651
0 0.689807
0 0.001054
0 0.325734
0 0.251827
0 0.159712
0 0.903965
0 0.429330
0 0.079853
0 0.000255
0 0.254331
0 0.003032
0 0.075277
0 0.266041
0 0.623956
0 0.011097
0 0.184175
0 0.093355
0 0.249443
0 0.099598
0 0.026212
0 0.093261
0 0.086768
0 0.033366
0 0.044099
0 0.339477
0 0.604965
0 0.359378
0 0.679883
0 0.134944
0 0.009586
0 0.077052
0 0.018803
0 0.030214
0 0.018028
0 0.174404
0 0.044160
0 0.262548
0 0.753775
0 0.656981
0 0.649173
0 0.187199
0 0.492892
0 0.401211
0 0.279548
0 0.223185
0 0.542245
0 0.091890
0 0.580541
0 0.041296
0 0.018690
0 0.062775
0 0.073298
0 0.068691
0 0.018155
0 0.078588
0 0.021658
0 0.255262
0 0.140326
1 0.918812
1 0.879259
1 0.929759
1 0.981772
1 0.521937
1 0.813876
1 0.198063
1 0.601975
1 0.915187
1 0.846774
1 0.915234
1 0.927729
1 0.633571
1 0.762903
1 0.565320
1 0.710568
1 0.954580
1 0.271215
1 0.945211
1 0.827567
1 0.967445
1 0.330310
1 0.979444
1 0.915322
1 0.970090
1 0.414126
1 0.796173
1 0.934240
1 0.868858
1 0.751527
1 0.820736
1 0.892439
1 0.939654
1 0.440222
1 0.870033
1 0.784262
1 0.974898
1 0.863149
1 0.784320
1 0.598662
1 0.993093
1 0.798920
1 0.747941
1 0.349825
1 0.402539
1 0.368339
1 0.269030
1 0.131296
1 0.151132
1 0.753623
1 0.884377
1 0.662785
1 0.966683
1 0.938594
1 0.433986
1 0.934980
1 0.073723
1 0.760207
1 0.957093
1 0.035130
1 0.421136
1 0.551379
1 0.482383
1 0.611955
1 0.911496
1 0.974383
1 0.094135
1 0.700244
1 0.821245
1 0.919048
1 0.968001
1 0.914917
1 0.102020
1 0.862620
1 0.264299
1 0.904277
1 0.928329
1 0.765629
1 0.671102
1 0.983175
1 0.819877
1 0.905046
1 0.925197
1 0.856604
1 0.974349
1 0.804792
1 0.638660
1 0.910751
1 0.192046
1 0.831006
1 0.094203
1 0.602606
1 0.718410
1 0.405940
1 0.871696
1 0.448089
1 0.964770
1 0.588524
1 0.761737
1 0.442265
1 0.170608
1 0.193619
1 0.660634
1 0.941436
1 0.729577
1 0.960640
1 0.949581
1 0.831421
1 0.554344
1 0.977414
1 0.737325
1 0.298026
1 0.957230
1 0.835744
1 0.510511
1 0.708007
1 0.939604
1 0.919578
1 0.772771
1 0.933424
1 0.957686
1 0.961944
1 0.958854
1 0.965676
1 0.650646
1 0.898750
1 0.855272
1 0.564996
1 0.862768
1 0.917063
1 0.910313
1 0.913047
1 0.795089
1 0.757704
1 0.352659
1 0.784508
1 0.975427
1 0.841982
1 0.652499
1 0.831842
1 0.755489
1 0.898738
1 0.232579
1 0.159643
1 0.070355
1 0.818665
1 0.900030
1 0.322919
1 0.606802
1 0.906363
1 0.919849
1 0.769587
1 0.386379
1 0.979797
1 0.961400
1 0.892920
1 0.682226
1 0.944722
1 0.667348
1 0.441642
1 0.640491
1 0.950766
1 0.908307
1 0.821337
1 0.977281
1 0.151221
1 0.955132
1 0.977027
1 0.463866
1 0.888332
1 0.093720
1 0.855519
1 0.881401
1 0.831524
1 0.911337
1 0.962518
1 0.507422
1 0.971293
1 0.513093
1 0.954618
1 0.225862
1 0.638653
1 0.898498
1 0.541986
1 0.973987
1 0.925394
1 0.771191
1 0.929056
1 0.978611
1 0.805711
1 0.968022
1 0.884760
1 0.922719
1 0.921716
1 0.719180
1 0.608060
1 0.815565
1 0.275702
1 0.993225
1 0.821766
1 0.845344
1 0.883545
1 0.972207
1 0.951392
1 0.773052
1 0.382815
1 0.831040
1 0.520189
1 0.490494
1 0.285134
1 0.201624
1 0.771571
1 0.975711
1 0.964431
1 0.942459
1 0.972174
1 0.329930
1 0.966014
1 0.804820
1 0.897814
1 0.849387
1 0.938744
1 0.985729
1 0.430156
1 0.516288
1 0.008767
1 0.932888
1 0.981856
1 0.778974
1 0.579497
1 0.801920
1 0.227810
1 0.790598
1 0.932631
1 0.068248
1 0.815037
1 0.980957
1 0.967222
1 0.226208
1 0.600168
1 0.960143
1 0.837528
1 0.927376
1 0.818511
1 0.957585
1 0.094261
1 0.819984
1 0.959481
1 0.419894
1 0.924261
1 0.979983
1 0.387637
1 0.741010
1 0.771939
1 0.245150
1 0.462865
1 0.858937
1 0.824190
1 0.484350
1 0.618521
1 0.559138
1 0.642224
1 0.873723
1 0.975582
1 0.985623
1 0.727198
1 0.974295
1 0.755652
1 0.901956
1 0.635507
1 0.118289
1 0.597237
1 0.605010
1 0.634464
1 0.152869
1 0.924606
1 0.857606
1 0.921369
1 0.514794
1 0.967170
1 0.402567
1 0.876864
1 0.679506
1 0.695931
1 0.613611
1 0.695249
1 0.225102
1 0.197864
1 0.896796
1 0.384586
1 0.923460
1 0.855597
1 0.895175
1 0.776116
1 0.895087
1 0.966237
1 0.358721
1 0.866344
1 0.758457
1 0.903741
1 0.554835
1 0.355585
1 0.944416
1 0.899602
1 0.855308
1 0.174730
1 0.373677
1 0.674747
1 0.984648
1 0.659042
1 0.910158
1 0.889685
1 0.963747
1 0.141388
1 0.801501
1 0.265312
1 0.295921
1 0.877337
1 0.367868
1 0.811449
1 0.904511
1 0.001549
1 0.913216
1 0.118618
1 0.700348
1 0.750239
1 0.873798
1 0.745207
1 0.933065
1 0.891804
1 0.137101
1 0.855546
1 0.855158
1 0.232275
1 0.401229
1 0.919882
1 0.989520
1 0.988631
1 0.951786
1 0.867084
1 0.486368
1 0.509811
1 0.426196
1 0.145720
1 0.986935
1 0.860611
1 0.759982
1 0.755486
1 0.328854
1 0.868719
1 0.992463
1 0.477003
1 0.905191
1 0.183826
1 0.812697
1 0.361381
1 0.900848
1 0.704449
1 0.621588
1 0.792687
1 0.082140
1 0.973609
1 0.953621
1 0.738396
1 0.531231
1 0.600038
1 0.897734
1 0.932006
1 0.955173
1 0.678094
1 0.946049
1 0.547737
1 0.970118
1 0.886764
1 0.515749
1 0.697504
1 0.234068
1 0.966564
1 0.905260
1 0.926704
1 0.624716
1 0.955502
1 0.508416
1 0.323570
1 0.966720
1 0.971957
1 0.877515
1 0.437796
1 0.215484
1 0.938678
1 0.981112
1 0.799029
1 0.847933
1 0.875625
1 0.870518
1 0.909792
1 0.902618
1 0.952682
1 0.966461
1 0.939039
1 0.928465
1 0.937768
1 0.718084
1 0.487699
1 0.936757
1 0.959787
1 0.735155
1 0.767132
1 0.970642
1 0.819294
1 0.918974
1 0.942389
1 0.527437
1 0.465225
1 0.959529
1 0.981886
1 0.878787
1 0.934631
1 0.949929
1 0.014957
1 0.587201
1 0.928803
1 0.935686
1 0.859735
1 0.242130
1 0.983223
1 0.668768
1 0.942143
1 0.953219
1 0.745697
1 0.967828
1 0.868630
1 0.468875
1 0.658229
1 0.835009
1 0.146947
1 0.714156
1 0.619474
1 0.550125
1 0.831846
1 0.505750
1 0.923692
1 0.937459
1 0.946373
1 0.380572
1 0.891262
1 0.878982
1 0.648189
1 0.779801
1 0.809658
1 0.570192
1 0.385540
1 0.164453
1 0.064736
1 0.923335
1 0.944156
1 0.809486
1 0.947564
1 0.925292
1 0.673373
1 0.756136
1 0.970849
1 0.774017
1 0.474403
1 0.879056
1 0.475627
1 0.858497
1 0.745479
1 0.683317
1 0.806951
1 0.907227
1 0.230752
1 0.969361
1 0.775561
1 0.559990
1 0.236614
1 0.983974
1 0.681747
1 0.594638
1 0.847649
1 0.871687
1 0.854183
1 0.719207
1 0.547125
1 0.779130
1 0.439699
1 0.817712
1 0.993524
1 0.346639
1 0.598561
1 0.939464
1 0.924985
1 0.471323
1 0.879305
1 0.044386
1 0.382273
1 0.936378
1 0.980346
1 0.844621
1 0.284652
1 0.448690
1 0.930809
1 0.987655
1 0.117799
1 0.763361
1 0.330985
1 0.625950
1 0.485311
1 0.530256
1 0.862695
1 0.960856
1 0.429467
1 0.704731
1 0.617996
1 0.848139
1 0.948621
1 0.890396
1 0.703237
1 0.829303
1 0.635306
1 0.883398
1 0.920059
1 0.538217
1 0.832769
1 0.175733
1 0.917996
1 0.930567
1 0.700485
1 0.351089
1 0.387573
1 0.563380
1 0.421677
1 0.983685
1 0.986834
1 0.405718
1 0.891885
1 0.324505
1 0.805224
1 0.624219
1 0.194710
1 0.977160
1 0.801663
1 0.723890
1 0.904124
1 0.972466
1 0.269590
1 0.708015
1 0.944194
1 0.781156
1 0.404175
1 0.894732
1 0.511083
1 0.379754
1 0.320052
1 0.946387
1 0.703427
1 0.835737
1 0.971388
1 0.918275
1 0.910798
1 0.061453
1 0.982397
1 0.966087
1 0.918911
1 0.824142
1 0.898957
1 0.540876
1 0.943386
1 0.620767
1 0.967949
1 0.867869
1 0.815419
1 0.928460
1 0.590447
1 0.585178
1 0.735401
1 0.593445
1 0.918081
1 0.823140
1 0.673494
1 0.741102
1 0.881484
1 0.765726
1 0.845343
1 0.523459
1 0.911011
1 0.234084
1 0.688728
1 0.968501
1 0.322617
1 0.355159
1 0.430863
1 0.807442
1 0.882361
1 0.168845
1 0.672133
1 0.968980
1 0.976158
1 0.209774
1 0.859823
1 0.887279
1 0.347630
1 0.903918
1 0.910933
1 0.781525
1 0.744850
1 0.644880
1 0.401410
1 0.853361
1 0.812576
1 0.291973
1 0.844603
1 0.923560
1 0.646871
1 0.967316
1 0.662135
1 0.755849
1 0.805349
1 0.843870
1 0.897425
1 0.662828
1 0.341351
1 0.114241
1 0.381994
1 0.810206
1 0.826270
1 0.119543
1 0.502816
1 0.151041
1 0.930227
1 0.935755
1 0.780654
1 0.874799
1 0.938186
1 0.733616
1 0.313995
1 0.434357
1 0.865905
1 0.934767
1 0.234324
1 0.338895
1 0.728216
1 0.982891
1 0.717780
1 0.979336
1 0.282705
1 0.669918
1 0.708472
1 0.865043
1 0.930864
1 0.041803
1 0.608381
1 0.863835
1 0.655530
1 0.601505
1 0.304101
1 0.542983
1 0.835375
1 0.659995
1 0.966246
1 0.929953
1 0.766680
1 0.808921
1 0.372589
1 0.970117
1 0.414851
1 0.334337
1 0.190870
1 0.479662
1 0.462785
1 0.854936
1 0.942157
1 0.542294
1 0.728486
1 0.626502
1 0.734837
1 0.804795
1 0.953405
1 0.109411
1 0.452566
1 0.918453
1 0.906853
1 0.724182
1 0.354161
1 0.839504
1 0.798561
1 0.628449
1 0.934895
1 0.950711
1 0.683213
1 0.675287
1 0.846852
1 0.931585
1 0.811030
1 0.982982
1 0.803023
1 0.919524
1 0.416059
1 0.607392
1 0.986080
1 0.761058
1 0.984421
1 0.800269
1 0.977959
1 0.882109
1 0.268800
1 0.842891
1 0.981771
1 0.796206
1 0.652144
1 0.919413
1 0.699579
1 0.574702
1 0.920238
1 0.236195
1 0.936686
1 0.664044
1 0.868169
1 0.945110
1 0.185637
1 0.908537
1 0.866383
1 0.991547
1 0.934503
1 0.330256
1 0.495566
1 0.879682
1 0.258151
1 0.705307
1 0.911831
1 0.703346
1 0.646008
1 0.020894
1 0.727587
1 0.844862
1 0.962584
1 0.218801
1 0.925228
1 0.819794
1 0.987917
1 0.852639
1 0.507401
1 0.101376
1 0.188965
1 0.809379
1 0.173265
1 0.847123
1 0.893613
1 0.981961
1 0.059665
1 0.976533
1 0.925889
1 0.813994
1 0.263301
1 0.972119
1 0.957668
1 0.716859
1 0.976881
1 0.678177
1 0.919640
1 0.147998
1 0.784343
1 0.976513
1 0.782882
1 0.955680
1 0.974943
1 0.375890
1 0.352951
1 0.817259
1 0.810072
1 0.931065
1 0.349090
1 0.676163
1 0.986319
1 0.706533
1 0.969659
1 0.744840
1 0.728413
1 0.181438
1 0.981819
1 0.973637
1 0.499583
1 0.838605
1 0.828546
1 0.131301
1 0.942863
1 0.920321
1 0.798752
1 0.958656
1 0.877205
1 0.885346
1 0.859353
1 0.570668
1 0.142657
1 0.011439
1 0.835520
1 0.938477
1 0.598461
1 0.905307
1 0.943434
1 0.702666
1 0.812858
1 0.387094
1 0.132319
1 0.862647
1 0.890424
1 0.594496
1 0.806255
1 0.182321
1 0.973760
1 0.220006
1 0.855676
1 0.981842
1 0.546684
1 0.852915
1 0.895705
1 0.371006
1 0.942787
1 0.957909
1 0.280705
1 0.790872
1 0.965945
1 0.976226
1 0.675780
1 0.913353
1 0.859154
1 0.405851
1 0.912190
1 0.833228
1 0.983440
1 0.245661
1 0.808066
1 0.970687
1 0.620431
1 0.973601
1 0.210192
1 0.549848
1 0.943549
1 0.873701
1 0.624846
1 0.753538
1 0.955744
1 0.636212
1 0.207231
1 0.973028
1 0.023024
1 0.884123
1 0.454764
1 0.987247
1 0.127360
1 0.917764
1 0.565932
1 0.870071
1 0.761547
1 0.923588
1 0.411701
1 0.985747
1 0.807656
1 0.411441
1 0.948646
1 0.510175
1 0.962771
1 0.586565
1 0.491987
1 0.987284
1 0.761132
1 0.871348
1 0.328621
1 0.966400
1 0.909744
1 0.913911
1 0.916364
1 0.056578
1 0.707831
1 0.901146
1 0.975428
1 0.901036
1 0.458345
1 0.949066
1 0.701780
1 0.774365
1 0.193116
1 0.877819
1 0.916964
1 0.866186
1 0.271247
1 0.274484
1 0.516256
1 0.639686
1 0.698500
1 0.772423
1 0.981471
1 0.771913
1 0.879833
1 0.764601
1 0.980978
1 0.935012
1 0.986317
1 0.942637
1 0.692903
1 0.978344
1 0.547975
1 0.256903
1 0.845883
1 0.993555
1 0.506870
1 0.909836
1 0.921915
1 0.661533
1 0.456745
1 0.640913
1 0.378332
1 0.857977
1 0.973648
1 0.919647
1 0.857615
1 0.507778
1 0.980827
1 0.935055
1 0.344325
1 0.978515
1 0.272729
1 0.939485
1 0.130785
1 0.331228
1 0.684879
1 0.969375
1 0.437889
1 0.959920
1 0.917541
1 0.967366
1 0.930953
1 0.947097
1 0.757595
1 0.694746
1 0.981153
1 0.977077
1 0.996304
1 0.964309
1 0.522555
1 0.126781
1 0.944471
1 0.622197
1 0.616138
1 0.912854
1 0.841656
1 0.939638
1 0.687082
1 0.986303
1 0.204810
1 0.165647
1 0.577915
1 0.966167
1 0.966423
1 0.338173
1 0.643010
1 0.936985
1 0.718425
1 0.858286
1 0.905478
1 0.868860
1 0.914200
1 0.772300
1 0.965876
1 0.644640
1 0.764141
1 0.703186
1 0.000210
1 0.650748
1 0.708291
1 0.917605
1 0.522166
1 0.434851
1 0.658873
1 0.591132
1 0.275750
1 0.865250
1 0.599421
1 0.936402
1 0.953193
1 0.414266
1 0.182679
1 0.493654
1 0.266915
1 0.778164
1 0.949437
1 0.444084
1 0.908787
1 0.233505
1 0.406043
1 0.955640
1 0.679727
1 0.995798
1 0.894926
1 0.743690
1 0.660174
1 0.847229
1 0.312543
1 0.959121
1 0.936622
1 0.349954
1 0.887221
1 0.844213
1 0.900971
1 0.642458
1 0.291182
1 0.865601
1 0.761770
1 0.516337
1 0.274522
1 0.975421
1 0.463868
1 0.778702
1 0.721496
1 0.767959
1 0.951304
1 0.953636
1 0.947282
1 0.438404
1 0.215498
1 0.957215
1 0.922541
1 0.984351
1 0.465203
1 0.970004
1 0.634889
1 0.994674
1 0.416631
1 0.894741
1 0.824897
1 0.668132
1 0.794512
1 0.000302
1 0.830192
1 0.456141
1 0.865042
1 0.906318
1 0.987366
1 0.729724
1 0.357561
1 0.909864
1 0.785317
1 0.267921
1 0.290924
1 0.807596
1 0.890474
1 0.076616
1 0.967157
1 0.836063
1 0.822423
1 0.960814
1 0.789912
1 0.415517
1 0.647675
1 0.263500
1 0.972896
1 0.832070
1 0.990268
1 0.713482
1 0.933196
1 0.766913
1 0.441502
1 0.684014
1 0.955103
1 0.572218
1 0.855276
1 0.576758
1 0.274435
1 0.352952
1 0.680032
1 0.815073
1 0.567937
1 0.666944
1 0.874266
1 0.709526
1 0.630780
1 0.795706
1 0.508438
1 0.171776
1 0.339335
1 0.289207
1 0.370726
1 0.866009
1 0.426465
1 0.516472
1 0.705264
1 0.901500
1 0.417551
1 0.842338
1 0.255840
1 0.962776
1 0.048950
1 0.455376
1 0.849368
1 0.979534
1 0.483458
1 0.939792
1 0.956963
1 0.912110
1 0.919062
1 0.173346
1 0.932054
1 0.911025
1 0.957892
1 0.794949
1 0.067481
1 0.990160
1 0.236362
1 0.874753
1 0.590228
1 0.833289
1 0.894488
1 0.578997
1 0.924193
1 0.356512
1 0.005843
1 0.971529
1 0.365352
1 0.377597
1 0.697504
1 0.693050
1 0.447679
1 0.940683
1 0.674146
1 0.883794
1 0.819503
1 0.088859
1 0.334840
1 0.944649
1 0.564235
1 0.213269
1 0.907925
1 0.697719
1 0.937073
1 0.957302
1 0.763397
1 0.530968
1 0.690134
1 0.582129
1 0.368881
1 0.705059
1 0.293528
1 0.707281
1 0.172738
1 0.060088
1 0.962652
1 0.944469
1 0.755450
1 0.098051
1 0.144318
1 0.980792
1 0.895097
1 0.669006
1 0.251775
1 0.853138
1 0.870313
1 0.971578
1 0.654916
1 0.491995
1 0.941580
1 0.963481
1 0.467880
1 0.726007
1 0.809841
1 0.978444
1 0.766878
1 0.972401
1 0.934461
1 0.486627
1 0.946235
1 0.808724
1 0.707960
1 0.478165
1 0.717567
1 0.189506
1 0.540174
1 0.664925
1 0.892752
1 0.099938
1 0.637523
1 0.630021
1 0.986418
1 0.617687
1 0.801043
1 0.917016
1 0.582699
1 0.428353
1 0.922804
1 0.624664
1 0.040363
1 0.185524
1 0.969398
1 0.982310
1 0.896781
1 0.902359
1 0.968479
1 0.790593
1 0.786981
1 0.655915
1 0.807325
1 0.943736
1 0.955330
1 0.730034
1 0.621551
1 0.157639
1 0.934512
1 0.851436
1 0.839656
1 0.123240
1 0.705948
1 0.873475
1 0.472408
1 0.738228
1 0.964586
1 0.411908
1 0.778918
1 0.946419
1 0.596505
1 0.306591
1 0.824696
1 0.959268
1 0.123396
1 0.404412
1 0.807874
1 0.177539
1 0.972297
1 0.794543
1 0.155110
1 0.952599
1 0.846795
1 0.923955
1 0.733644
1 0.596602
1 0.822757
1 0.536530
1 0.986293
1 0.182811
1 0.933968
1 0.492059
1 0.979301
1 0.891358
1 0.908120
1 0.963468
1 0.015999
1 0.134463
1 0.444070
1 0.977741
1 0.755419
1 0.085258
1 0.446950
1 0.665426
1 0.769534
1 0.849511
1 0.814107
1 0.295632
1 0.790256
1 0.961354
1 0.932317
1 0.970983
1 0.903346
1 0.716056
1 0.987909
1 0.937844
1 0.745941
1 0.950980
1 0.865807
1 0.648309
1 0.870606
1 0.199257
1 0.900864
1 0.724213
1 0.660908
1 0.949250
1 0.893124
1 0.941466
1 0.839042
1 0.816671
1 0.962785
1 0.811813
1 0.950319
1 0.945164
1 0.685457
1 0.071335
1 0.840365
1 0.797794
1 0.985307
1 0.603364
1 0.963576
1 0.947261
1 0.676104
1 0.537988
1 0.227487
1 0.634265
1 0.613879
1 0.009583
1 0.898240
1 0.833923
1 0.915502
1 0.967886
1 0.538779
1 0.658387
1 0.343630
1 0.247772
1 0.965575
1 0.992571
1 0.837514
1 0.984443
1 0.980794
1 0.798035
1 0.873096
1 0.930535
1 0.485774
1 0.958830
1 0.558586
1 0.888202
1 0.862699
1 0.958463
1 0.685298
1 0.971004
1 0.427424
1 0.449293
1 0.562316
1 0.939191
1 0.581402
1 0.965126
1 0.356164
1 0.986605
1 0.150506
1 0.913415
1 0.161293
1 0.626117
1 0.985782
1 0.727799
1 0.778872
1 0.967830
1 0.983723
1 0.441561
1 0.235690
1 0.574174
1 0.511780
1 0.753405
1 0.925716
1 0.776001
1 0.964765
1 0.653672
1 0.940565
1 0.961129
1 0.992220
1 0.909848
1 0.609919
1 0.110592
1 0.957524
1 0.615125
1 0.969593
1 0.604401
1 0.765025
1 0.582114
1 0.043986
1 0.359209
1 0.903895
1 0.904334
1 0.291559
1 0.589729
1 0.980965
1 0.463741
1 0.967557
1 0.135809
1 0.502128
1 0.585124
1 0.920845
1 0.976463
1 0.850642
1 0.932740
1 0.743251
1 0.790144
1 0.761773
1 0.441806
1 0.971122
1 0.971474
1 0.921649
1 0.975953
1 0.459583
1 0.826924
1 0.988016
1 0.981654
1 0.798488
1 0.712455
1 0.816674
1 0.073098
1 0.256523
1 0.967984
1 0.669020
1 0.869402
1 0.573100
1 0.609035
1 0.366990
1 0.794273
1 0.949681
1 0.784087
1 0.752350
1 0.975230
1 0.035566
1 0.979238
1 0.724275
1 0.876771
1 0.511636
1 0.833540
1 0.394715
1 0.342036
1 0.518772
1 0.187459
1 0.044199
1 0.971261
1 0.495995
1 0.751387
1 0.801369
1 0.464969
1 0.930841
1 0.960423
1 0.884850
1 0.891744
1 0.984201
1 0.939627
1 0.369727
1 0.961291
1 0.939757
1 0.231918
1 0.994616
1 0.836921
1 0.485686
1 0.907653
1 0.795680
1 0.725277
1 0.670316
1 0.758968
1 0.766755
1 0.962521
1 0.946832
1 0.986567
1 0.462417
1 0.788105
1 0.467030
1 0.864267
1 0.768155
1 0.076919
1 0.977974
1 0.395557
1 0.951333
1 0.936244
1 0.923682
1 0.621029
1 0.965184
1 0.784149
1 0.925283
1 0.826022
1 0.979457
1 0.629267
1 0.522919
1 0.511064
1 0.895083
1 0.195314
1 0.939062
1 0.000464
1 0.173782
1 0.973333
1 0.588079
1 0.589760
1 0.909611
1 0.943281
1 0.795904
1 0.390828
1 0.601065
1 0.954841
1 0.832605
1 0.900153
1 0.852760
1 0.885994
1 0.796460
1 0.668247
1 0.943623
1 0.350487
1 0.912829
1 0.833720
1 0.894154
1 0.004764
1 0.914079
1 0.851878
1 0.954678
1 0.955013
1 0.856968
1 0.248204
1 0.888446
1 0.004792
1 0.888530
1 0.641062
1 0.987444
1 0.932016
1 0.875747
1 0.477111
1 0.653711
1 0.983882
1 0.656703
1 0.337222
1 0.101130
1 0.817099
1 0.357886
1 0.629854
1 0.769199
1 0.951191
1 0.408180
1 0.516840
1 0.675991
1 0.243204
1 0.616772
1 0.949235
1 0.841447
1 0.933898
1 0.938912
1 0.377374
1 0.990098
1 0.023319
1 0.906870
1 0.460984
1 0.873135
1 0.072554
1 0.967224
1 0.588632
1 0.965813
1 0.709219
1 0.587302
1 0.878012
1 0.916485
1 0.900673
1 0.898135
1 0.917674
1 0.541120
1 0.112474
1 0.323818
1 0.938635
1 0.811140
1 0.555734
1 0.459086
1 0.959536
1 0.833945
1 0.773937
1 0.876932
1 0.893678
1 0.886125
1 0.930635
1 0.777390
1 0.686435
1 0.950971
1 0.891201
1 0.630571
1 0.829403
1 0.236371
1 0.872294
1 0.988960
1 0.950192
1 0.571976
1 0.063055
1 0.988626
1 0.813569
1 0.591533
1 0.789085
1 0.349967
1 0.069044
1 0.684265
1 0.717037
1 0.911609
1 0.951656
1 0.445579
1 0.153423
1 0.532658
1 0.761126
1 0.845921
1 0.520367
1 0.967216
1 0.941749
1 0.678168
1 0.656654
1 0.827721
1 0.403671
1 0.937482
1 0.974464
1 0.071203
1 0.279300
1 0.645203
1 0.659502
1 0.830015
1 0.645587
1 0.522359
1 0.970367
1 0.976566
1 0.554916
1 0.184042
1 0.599406
1 0.589303
1 0.888243
1 0.932396
1 0.934049
1 0.939957
1 0.874493
1 0.975229
1 0.777114
1 0.866805
1 0.971549
1 0.451855
1 0.912103
1 0.839975
1 0.829876
1 0.728950
1 0.949350
1 0.717826
1 0.987865
1 0.930238
1 0.502883
1 0.968311
1 0.822887
1 0.977616
1 0.524429
1 0.915884
1 0.336608
1 0.977364
1 0.949277
1 0.950486
1 0.917122
1 0.982609
1 0.551279
1 0.891701
1 0.850208
1 0.651544
1 0.694576
1 0.942102
1 0.776060
1 0.434476
1 0.689720
1 0.949511
1 0.796949
1 0.602531
1 0.730953
1 0.520361
1 0.357963
1 0.737581
1 0.979420
1 0.806419
1 0.909805
1 0.706604
1 0.899693
1 0.786527
1 0.679111
1 0.964967
1 0.256244
1 0.884429
1 0.255946
1 0.953801
1 0.531556
1 0.934767
1 0.855624
1 0.653459
1 0.948264
1 0.439667
1 0.749303
1 0.911034
1 0.922924
1 0.189046
1 0.699373
1 0.954287
1 0.644952
1 0.854075
1 0.515983
1 0.809238
1 0.913521
1 0.326709
1 0.706190
1 0.956360
1 0.605519
1 0.869447
1 0.995119
1 0.961222
1 0.057437
1 0.549260
1 0.838100
1 0.954982
1 0.935404
1 0.690670
1 0.323314
1 0.906157
1 0.746949
1 0.925106
1 0.882783
1 0.622278
1 0.286508
1 0.966518
1 0.834672
1 0.975810
1 0.820047
1 0.983797
1 0.867825
1 0.993189
1 0.871664
1 0.904460
1 0.492117
1 0.522423
1 0.072259
1 0.270340
1 0.347469
1 0.348809
1 0.044039
1 0.619639
1 0.603075
1 0.851413
1 0.443601
1 0.953586
1 0.328615
1 0.933014
1 0.794593
1 0.204791
1 0.779456
1 0.950094
1 0.994206
1 0.162417
1 0.922982
1 0.180587
1 0.975183
1 0.912775
1 0.157813
1 0.258665
1 0.214588
1 0.824482
1 0.943744
1 0.876585
1 0.236239
1 0.927483
1 0.838161
1 0.650073
1 0.989010
1 0.729768
1 0.802065
1 0.894834
1 0.276952
1 0.634338
1 0.854933
1 0.914230
1 0.982147
1 0.549948
1 0.525335
1 0.176150
1 0.271893
1 0.578334
1 0.651717
1 0.624384
1 0.903271
1 0.974544
1 0.787427
1 0.973106
1 0.680555
1 0.898889
1 0.221921
1 0.923495
1 0.835712
1 0.908968
1 0.574574
1 0.587789
1 0.958600
1 0.975779
1 0.279277
1 0.642570
1 0.753977
1 0.877648
1 0.973916
1 0.638707
1 0.532074
1 0.456968
1 0.769157
1 0.942310
1 0.862225
1 0.877413
1 0.797737
1 0.726197
1 0.925593
1 0.951287
1 0.942296
1 0.648224
1 0.905045
1 0.904003
1 0.897351
1 0.906843
1 0.964354
1 0.390972
1 0.717665
1 0.855203
1 0.650637
1 0.777731
1 0.774677
1 0.889576
1 0.302826
1 0.945106
1 0.961025
1 0.987314
1 0.876485
1 0.163864
1 0.964312
1 0.869394
1 0.864191
1 0.767881
1 0.799162
1 0.914618
1 0.719541
1 0.365340
1 0.712047
1 0.944567
1 0.961556
1 0.238316
1 0.378112
1 0.487418
1 0.773333
1 0.840586
1 0.990134
1 0.939767
1 0.828513
1 0.905261
1 0.869945
1 0.794879
1 0.713954
1 0.350235
1 0.558862
1 0.445964
1 0.520445
1 0.869927
1 0.193588
1 0.525987
1 0.818318
1 0.641237
1 0.295255
1 0.875363
1 0.334949
1 0.516309
1 0.830243
1 0.915907
1 0.359846
1 0.758278
1 0.843318
1 0.963196
1 0.697583
1 0.783382
1 0.746213
1 0.731884
1 0.695402
1 0.738434
1 0.869550
1 0.973864
1 0.931840
1 0.942873
1 0.896468
1 0.914838
1 0.362355
1 0.828036
1 0.901763
1 0.975771
1 0.925185
1 0.755796
1 0.850854
1 0.370286
1 0.506321
1 0.758815
1 0.591230
1 0.812546
1 0.688880
1 0.821003
1 0.932816
1 0.372562
1 0.466043
1 0.621692
1 0.238606
1 0.946001
1 0.954211
1 0.908374
1 0.777510
1 0.967580
1 0.774555
1 0.553950
1 0.965876
1 0.331024
1 0.792322
1 0.951718
1 0.917616
1 0.659825
1 0.068854
1 0.714625
1 0.884393
1 0.826449
1 0.688586
1 0.066404
1 0.625655
1 0.978037
1 0.924115
1 0.596337
1 0.267274
1 0.929160
1 0.950563
1 0.984684
1 0.674971
1 0.548412
1 0.086693
1 0.795302
1 0.870874
1 0.796841
1 0.943570
1 0.967032
1 0.926905
1 0.859466
1 0.756006
1 0.476303
1 0.149440
1 0.805644
1 0.954696
1 0.673739
1 0.448263
1 0.478590
1 0.807586
1 0.648214
1 0.902756
1 0.380241
1 0.889912
1 0.916658
1 0.961547
1 0.370431
1 0.923034
1 0.764789
1 0.966028
1 0.836500
1 0.948512
1 0.852717
1 0.839030
1 0.584132
1 0.153184
1 0.818626
1 0.639877
1 0.861701
1 0.847134
1 0.603614
1 0.156739
1 0.823460
1 0.813095
1 0.351766
1 0.921909
1 0.944942
1 0.905448
1 0.960947
1 0.071435
1 0.829149
1 0.501214
1 0.820177
1 0.783510
1 0.675230
1 0.034625
1 0.734162
1 0.848449
1 0.749268
1 0.989832
1 0.949546
1 0.789512
1 0.456907
1 0.527956
1 0.847951
1 0.357259
1 0.786758
1 0.460719
1 0.442305
1 0.475415
1 0.933899
1 0.543948
1 0.269571
1 0.831888
1 0.394631
1 0.886012
1 0.693320
1 0.223047
1 0.966262
1 0.546680
1 0.360375
1 0.101234
1 0.440893
1 0.980000
1 0.348190
1 0.655456
1 0.911194
1 0.250398
1 0.818065
1 0.674418
1 0.676220
1 0.840602
1 0.961352
1 0.884882
1 0.976323
1 0.475690
1 0.863741
1 0.742847
1 0.890529
1 0.805946
1 0.888258
1 0.979398
1 0.961619
1 0.249190
1 0.924132
1 0.239687
1 0.305559
1 0.823246
1 0.841291
1 0.571393
1 0.857836
1 0.725652
1 0.965570
1 0.765870
1 0.936527
1 0.975707
1 0.990423
1 0.749284
1 0.735418
1 0.257660
1 0.749151
1 0.794343
1 0.852877
1 0.947174
1 0.874094
1 0.724349
1 0.427456
1 0.892350
1 0.735795
1 0.347165
1 0.080578
1 0.951912
1 0.626402
1 0.975340
1 0.988331
1 0.901879
1 0.642360
1 0.194250
1 0.970722
1 0.576925
1 0.984428
1 0.380027
1 0.724443
1 0.573942
1 0.964756
1 0.869676
1 0.941349
1 0.977297
1 0.980711
1 0.844324
1 0.643959
1 0.270221
1 0.721616
1 0.956810
1 0.976576
1 0.892440
1 0.759143
1 0.982548
1 0.938947
1 0.943888
1 0.123050
1 0.870597
1 0.723633
1 0.740908
1 0.824454
1 0.752719
1 0.557619
1 0.675351
1 0.908595
1 0.502556
1 0.526251
1 0.437699
1 0.946910
1 0.343903
1 0.223247
1 0.888228
1 0.743339
1 0.565439
1 0.982183
1 0.338960
1 0.991597
1 0.949922
1 0.822134
1 0.858170
1 0.316533
1 0.599388
1 0.405933
1 0.669797
1 0.112306
1 0.851883
1 0.969655
1 0.196494
1 0.323721
1 0.880313
1 0.802884
1 0.805316
1 0.985783
1 0.708751
1 0.843306
1 0.953235
1 0.440687
1 0.973402
1 0.849680
1 0.387600
1 0.877938
1 0.143664
1 0.786797
1 0.576262
1 0.556658
1 0.865162
1 0.761263
1 0.677808
1 0.911334
1 0.746353
1 0.970182
1 0.965744
1 0.925825
1 0.981560
1 0.364806
1 0.600591
1 0.869388
1 0.879560
1 0.769480
1 0.944720
1 0.786235
1 0.792892
1 0.477112
1 0.969596
1 0.961307
1 0.910809
1 0.959671
1 0.881419
1 0.886521
1 0.728409
1 0.487436
1 0.911238
1 0.342953
1 0.347056
1 0.610190
1 0.497875
1 0.630895
1 0.625286
1 0.730132
1 0.971076
1 0.088164
1 0.737360
1 0.776363
1 0.079633
1 0.789935
1 0.876624
1 0.870411
1 0.931659
1 0.556185
1 0.731269
1 0.939789
1 0.689229
1 0.646613
1 0.957918
1 0.661277
1 0.499502
1 0.726798
1 0.412104
1 0.657640
1 0.878992
1 0.789248
1 0.555145
1 0.316065
1 0.969347
1 0.984210
1 0.874611
1 0.888672
1 0.735973
1 0.914078
1 0.960598
1 0.654459
1 0.825673
1 0.828967
1 0.976063
1 0.883876
1 0.625711
1 0.400976
1 0.919505
1 0.803440
1 0.420088
1 0.963298
1 0.921890
1 0.935108
1 0.458610
1 0.738307
1 0.175469
1 0.415498
1 0.898785
1 0.786012
1 0.946522
1 0.667971
1 0.850142
1 0.176011
1 0.579999
1 0.897474
1 0.283945
1 0.906118
1 0.890363
1 0.100417
1 0.735210
1 0.937702
1 0.112986
1 0.555851
1 0.284195
1 0.945964
1 0.909429
1 0.958845
1 0.931067
1 0.967316
1 0.933725
1 0.560859
1 0.797962
1 0.900163
1 0.617813
1 0.842315
1 0.803524
1 0.466778
1 0.903281
1 0.773635
1 0.618883
1 0.184066
1 0.323254
1 0.602425
1 0.955342
1 0.007368
1 0.921201
1 0.931644
1 0.525324
1 0.987231
1 0.922644
1 0.449911
1 0.943759
1 0.443393
1 0.120630
1 0.895889
1 0.406782
1 0.577519
1 0.981642
1 0.805574
1 0.952423
1 0.898541
1 0.475668
1 0.058023
1 0.737883
1 0.926781
1 0.939094
1 0.536835
1 0.789035
1 0.518925
1 0.517227
1 0.832945
1 0.239487
1 0.330153
1 0.594865
1 0.912030
1 0.957013
1 0.197719
1 0.367596
1 0.411354
1 0.012135
1 0.043432
1 0.609497
1 0.936875
1 0.635056
1 0.560518
1 0.917570
1 0.474723
1 0.911841
1 0.462664
1 0.403889
1 0.566617
1 0.967116
1 0.194571
1 0.903992
1 0.753286
1 0.913411
1 0.256977
1 0.617820
1 0.130149
1 0.843693
1 0.984648
1 0.900843
1 0.099820
1 0.663708
1 0.904221
1 0.377128
1 0.000168
1 0.792733
1 0.256960
1 0.941248
1 0.941173
1 0.547311
1 0.723475
1 0.314346
1 0.815633
1 0.878292
1 0.973615
1 0.741497
1 0.959221
1 0.874841
1 0.473251
1 0.785935
1 0.249117
1 0.802659
1 0.973419
1 0.735898
1 0.134492
1 0.860694
1 0.500974
1 0.753334
1 0.824495
1 0.721273
1 0.907726
1 0.635949
1 0.734336
1 0.899795
1 0.478121
1 0.503075
1 0.361142
1 0.724433
1 0.632764
1 0.532959
1 0.369232
1 0.954304
1 0.960094
1 0.937616
1 0.912156
1 0.959179
1 0.655084
1 0.716278
1 0.254468
1 0.819367
1 0.413914
1 0.933211
1 0.975438
1 0.510405
1 0.969688
1 0.842757
1 0.537498
1 0.770900
1 0.802891
1 0.833735
1 0.611197
1 0.973163
1 0.953934
1 0.756231
1 0.440802
1 0.934145
1 0.960699
1 0.613083
1 0.906149
1 0.377286
1 0.807305
1 0.919964
1 0.916154
1 0.958045
1 0.461740
1 0.859002
1 0.274228
1 0.159976
1 0.825335
1 0.173877
1 0.920794
1 0.863038
1 0.690941
1 0.516970
1 0.759875
1 0.920740
1 0.268229
1 0.970911
1 0.950036
1 0.175407
1 0.865872
1 0.213615
1 0.722983
1 0.490964
1 0.951077
1 0.803240
1 0.409096
1 0.961749
1 0.031554
1 0.259076
1 0.475218
1 0.758229
1 0.176569
1 0.783697
1 0.436862
1 0.983828
1 0.702520
1 0.755899
1 0.282175
1 0.980741
1 0.709241
1 0.861595
1 0.278234
1 0.736835
1 0.756928
1 0.891476
1 0.962989
1 0.776802
1 0.198105
1 0.916058
1 0.796396
1 0.877676
1 0.295829
1 0.418482
1 0.710316
1 0.655182
1 0.965527
1 0.793144
1 0.595430
1 0.864302
1 0.518850
1 0.662488
1 0.272709
1 0.953816
1 0.331306
1 0.584231
1 0.985148
1 0.649924
1 0.873076
1 0.682926
1 0.878350
1 0.903400
1 0.279717
1 0.715012
1 0.772574
1 0.023620
1 0.770814
1 0.528212
1 0.881785
1 0.741973
1 0.251429
1 0.175051
1 0.828381
1 0.518876
1 0.441880
1 0.889845
1 0.834823
1 0.798703
1 0.858918
1 0.740282
1 0.972056
1 0.906215
1 0.812276
1 0.212328
1 0.891586
1 0.917178
1 0.952680
1 0.423257
1 0.768999
1 0.893026
1 0.872108
1 0.635853
1 0.229098
1 0.928801
1 0.552594
1 0.323328
1 0.659154
1 0.672657
1 0.510814
1 0.917743
1 0.779448
1 0.357743
1 0.445852
1 0.688985
1 0.915542
1 0.647019
1 0.391043
1 0.971540
1 0.866774
1 0.708289
1 0.682895
1 0.972907
1 0.827347
1 0.743626
1 0.433950
1 0.857583
1 0.868319
1 0.981685
1 0.948021
1 0.829037
1 0.513304
1 0.962989
1 0.835959
1 0.510894
1 0.638878
1 0.973789
1 0.519220
1 0.403052
1 0.636841
1 0.673260
1 0.378538
1 0.839261
1 0.901543
1 0.598613
1 0.922364
1 0.912425
1 0.564323
1 0.937414
1 0.675387
1 0.918188
1 0.316419
1 0.796384
1 0.855495
1 0.796393
1 0.430992
1 0.928981
1 0.786162
1 0.928335
1 0.903428
1 0.392019
1 0.443337
1 0.914475
1 0.968494
1 0.216458
1 0.924521
1 0.982258
1 0.970731
1 0.964783
1 0.949839
1 0.165957
1 0.899267
1 0.823389
1 0.961895
1 0.342565
1 0.938257
1 0.923185
1 0.972750
1 0.976665
1 0.946736
1 0.654037
1 0.738155
1 0.879957
1 0.903027
1 0.838963
1 0.152228
1 0.969644
1 0.964074
1 0.727293
1 0.968624
1 0.934579
1 0.985899
1 0.342501
1 0.845019
1 0.721916
1 0.015920
1 0.284581
1 0.906087
1 0.719309
1 0.930395
1 0.687864
1 0.116108
1 0.628365
1 0.202649
1 0.356724
1 0.641539
1 0.847151
1 0.133719
1 0.579143
1 0.946101
1 0.864000
1 0.979208
1 0.050094
1 0.750085
1 0.954922
1 0.828918
1 0.418017
1 0.145532
1 0.853208
1 0.937554
1 0.426806
1 0.664023
1 0.965993
1 0.932851
1 0.860559
1 0.875275
1 0.752786
1 0.973810
1 0.504596
1 0.068352
1 0.307629
1 0.157230
1 0.602581
1 0.891493
1 0.871219
1 0.777873
1 0.360284
1 0.353494
1 0.608303
1 0.783449
1 0.692569
1 0.953764
1 0.490485
1 0.206458
1 0.772918
1 0.807192
1 0.933877
1 0.782035
1 0.954126
1 0.953868
1 0.217755
1 0.617932
1 0.920178
1 0.724147
1 0.979739
1 0.326900
1 0.862429
1 0.666180
1 0.805057
1 0.501644
1 0.556809
1 0.384440
1 0.089737
1 0.982515
1 0.590823
1 0.930495
1 0.968419
1 0.872611
1 0.299442
1 0.918523
1 0.325197
1 0.910351
1 0.675122
1 0.697883
1 0.978971
1 0.904312
1 0.881379
1 0.658081
1 0.809808
1 0.955006
1 0.880182
1 0.972355
1 0.942983
1 0.709236
1 0.028554
1 0.110201
1 0.944603
1 0.710948
1 0.961101
1 0.882016
1 0.664735
1 0.890893
1 0.763928
1 0.914964
1 0.974451
1 0.895275
1 0.577304
1 0.744620
1 0.991703
1 0.843961
1 0.857843
1 0.963794
1 0.808483
1 0.820495
1 0.312916
1 0.872761
1 0.512880
1 0.558034
1 0.803203
1 0.928331
1 0.983922
1 0.583425
1 0.970633
1 0.875466
1 0.968042
1 0.947210
1 0.942981
1 0.638895
1 0.475929
1 0.097596
1 0.803237
1 0.982182
1 0.529367
1 0.918750
1 0.622938
1 0.382576
1 0.940612
1 0.147554
1 0.659179
1 0.887502
1 0.705985
1 0.757307
1 0.280049
1 0.588837
1 0.970721
1 0.850845
1 0.885601
1 0.343630
1 0.803409
1 0.985633
1 0.950205
1 0.966775
1 0.891795
1 0.898971
1 0.443100
1 0.970399
1 0.935715
1 0.881749
1 0.976392
1 0.576182
1 0.623603
1 0.949717
1 0.086809
1 0.808008
1 0.758662
1 0.830085
1 0.649019
1 0.529969
1 0.735305
1 0.980850
1 0.983014
1 0.943447
1 0.958638
1 0.653868
1 0.692500
1 0.670431
1 0.688251
1 0.993061
1 0.404399
1 0.967168
1 0.094494
1 0.878605
1 0.485964
1 0.911295
1 0.796947
1 0.945480
1 0.595229
1 0.909898
1 0.915250
1 0.969204
1 0.929188
1 0.904655
1 0.926345
1 0.737417
1 0.811705
1 0.474684
1 0.780374
1 0.500681
1 0.967087
1 0.165131
1 0.737561
1 0.926458
1 0.244191
1 0.419740
1 0.948550
1 0.764475
1 0.850199
1 0.683352
1 0.301127
1 0.820829
1 0.133414
1 0.833273
1 0.961429
1 0.961374
1 0.926584
1 0.947286
1 0.597727
1 0.878720
1 0.952385
1 0.894298
1 0.720453
1 0.873545
1 0.673929
1 0.122642
1 0.407231
1 0.903881
1 0.704377
1 0.408049
1 0.660050
1 0.914492
1 0.977636
1 0.970676
1 0.770444
1 0.968225
1 0.749461
1 0.756074
1 0.529991
1 0.545731
1 0.367394
1 0.926274
1 0.924621
1 0.491088
1 0.930905
1 0.766807
1 0.585015
1 0.984354
1 0.981071
1 0.235553
1 0.917497
1 0.984994
1 0.942600
1 0.964157
1 0.857028
1 0.677733
1 0.873601
1 0.470933
1 0.359413
1 0.426947
1 0.782983
1 0.966135
1 0.589643
1 0.799407
1 0.309414
1 0.941471
1 0.549153
1 0.808092
1 0.644184
1 0.788548
1 0.734888
1 0.986919
1 0.915455
1 0.642427
1 0.841177
1 0.754708
1 0.687904
1 0.736253
1 0.733396
1 0.980247
1 0.518907
1 0.191132
1 0.922640
1 0.872310
1 0.977562
1 0.880142
1 0.813523
1 0.232948
1 0.928987
1 0.233228
1 0.495806
1 0.098044
1 0.737595
1 0.708680
1 0.939863
1 0.962771
1 0.941919
1 0.732202
1 0.914382
1 0.745455
1 0.964822
1 0.674930
1 0.901720
1 0.983538
1 0.670695
1 0.292938
1 0.559922
1 0.600185
1 0.887581
1 0.843548
1 0.859197
1 0.976924
1 0.639431
1 0.517162
1 0.912166
1 0.953557
1 0.915357
1 0.150722
1 0.413214
1 0.990995
1 0.870110
1 0.084826
1 0.895332
1 0.932683
1 0.885507
1 0.710435
1 0.929946
1 0.930820
1 0.219453
1 0.237567
1 0.878349
1 0.599118
1 0.560131
1 0.918025
1 0.929267
1 0.972881
1 0.658541
1 0.380768
1 0.366559
1 0.933378
1 0.485144
1 0.966657
1 0.920639
1 0.710693
1 0.657326
1 0.767894
1 0.580680
1 0.991030
1 0.583011
1 0.903112
1 0.870816
1 0.664841
1 0.629178
1 0.849319
1 0.703416
1 0.465703
1 0.606028
1 0.067434
1 0.281017
1 0.770597
1 0.900517
1 0.907272
1 0.986127
1 0.821641
1 0.992609
1 0.920512
1 0.180599
1 0.855253
1 0.911678
1 0.517663
1 0.215027
1 0.945243
1 0.954697
1 0.966739
1 0.784539
1 0.939715
1 0.271442
1 0.978690
1 0.591788
1 0.455802
1 0.740699
1 0.881002
1 0.959888
1 0.298822
1 0.970072
1 0.854710
1 0.895637
1 0.961460
1 0.342684
1 0.834810
1 0.722007
1 0.712369
1 0.935537
1 0.860685
1 0.948343
1 0.755302
1 0.835370
1 0.416078
1 0.383722
1 0.695707
1 0.465305
1 0.964439
1 0.931797
1 0.350294
1 0.124028
1 0.717829
1 0.558511
1 0.570596
1 0.651589
1 0.134639
1 0.877064
1 0.526293
1 0.503589
1 0.927899
1 0.574450
1 0.725326
1 0.670878
1 0.973332
1 0.889961
1 0.878830
1 0.333303
1 0.756758
1 0.918694
1 0.657206
1 0.852265
1 0.847949
1 0.851988
1 0.748331
1 0.859762
1 0.262049
1 0.071164
1 0.840943
1 0.731508
1 0.891451
1 0.457607
1 0.308578
1 0.832275
1 0.470176
1 0.711809
1 0.973336
1 0.848587
1 0.958991
1 0.884995
1 0.033949
1 0.114884
1 0.483742
1 0.246513
1 0.704050
1 0.883138
1 0.846398
1 0.780170
1 0.893032
1 0.821579
1 0.784119
1 0.897734
1 0.987119
