0 0.576948
0 0.545483
0 0.529141
0 0.483042
0 0.574849
0 0.508951
0 0.579299
0 0.504978
0 0.555023
0 0.514776
0 0.498919
0 0.518455
0 0.540958
0 0.543077
0 0.498849
0 0.548226
0 0.518067
0 0.516359
0 0.497657
0 0.510285
0 0.558183
0 0.518855
0 0.553356
0 0.532542
0 0.502643
0 0.563203
0 0.556917
0 0.496248
0 0.541405
0 0.517657
0 0.508337
0 0.521684
0 0.507967
0 0.493252
0 0.502667
0 0.565660
0 0.580285
0 0.520641
0 0.515222
0 0.516330
0 0.514993
0 0.490705
0 0.561520
0 0.507467
0 0.550568
0 0.518150
0 0.540995
0 0.479731
0 0.489200
0 0.497996
0 0.556540
0 0.507680
0 0.568853
0 0.498169
0 0.575911
0 0.563994
0 0.496460
0 0.546253
0 0.505690
0 0.512354
0 0.564841
0 0.539260
0 0.528885
0 0.517998
0 0.483670
0 0.574611
0 0.455395
0 0.504239
0 0.489726
0 0.482312
0 0.541945
0 0.522837
0 0.528596
0 0.531348
0 0.528778
0 0.528442
0 0.490972
0 0.496189
0 0.509028
0 0.495178
0 0.523079
0 0.551323
0 0.545093
0 0.483733
0 0.517407
0 0.548659
0 0.473224
0 0.542618
0 0.486041
0 0.495820
0 0.473861
0 0.528638
0 0.501828
0 0.532160
0 0.588991
0 0.519496
0 0.572821
0 0.553092
0 0.522909
0 0.557910
0 0.521387
0 0.504873
0 0.555507
0 0.528734
0 0.585280
0 0.560639
0 0.514391
0 0.536349
0 0.563427
0 0.484922
0 0.502326
0 0.557151
0 0.505790
0 0.539566
0 0.502330
0 0.493183
0 0.514355
0 0.481890
0 0.560589
0 0.545115
0 0.520560
0 0.506897
0 0.530655
0 0.515254
0 0.551953
0 0.502528
0 0.564643
0 0.527981
0 0.570797
0 0.515688
0 0.486327
0 0.509445
0 0.565971
0 0.554531
0 0.489252
0 0.503463
0 0.479325
0 0.521932
0 0.465269
0 0.544995
0 0.530837
0 0.467651
0 0.499260
0 0.504646
0 0.577819
0 0.510982
0 0.564289
0 0.538882
0 0.566739
0 0.518702
0 0.536259
0 0.515615
0 0.568216
0 0.497863
0 0.502682
0 0.570759
0 0.560434
0 0.562407
0 0.555922
0 0.514180
0 0.551316
0 0.489861
0 0.498355
0 0.514561
0 0.484515
0 0.527018
0 0.503249
0 0.580276
0 0.535872
0 0.574986
0 0.536353
0 0.584472
0 0.485149
0 0.555008
0 0.494434
0 0.549137
0 0.543399
0 0.570202
0 0.505562
0 0.475767
0 0.521022
0 0.557828
0 0.560880
0 0.490119
0 0.518566
0 0.485984
0 0.542129
0 0.530094
0 0.499718
0 0.518461
0 0.494289
0 0.510724
0 0.557652
0 0.517228
0 0.441148
0 0.586719
0 0.543570
0 0.552628
0 0.514439
0 0.501827
0 0.483779
0 0.499491
0 0.527780
0 0.551874
0 0.489194
0 0.506104
0 0.516881
0 0.576919
0 0.576838
0 0.525249
0 0.508899
0 0.511037
0 0.529740
0 0.512780
0 0.560353
0 0.511685
0 0.540466
0 0.520226
0 0.517438
0 0.569933
0 0.486456
0 0.537147
0 0.497757
0 0.490391
0 0.522256
0 0.500782
0 0.519134
0 0.538022
0 0.509058
0 0.529953
0 0.514039
0 0.562763
0 0.525505
0 0.547388
0 0.557969
0 0.493442
0 0.505986
0 0.530042
0 0.573568
0 0.553592
0 0.503717
0 0.519623
0 0.464719
0 0.489147
0 0.541804
0 0.565474
0 0.538225
0 0.535492
0 0.533561
0 0.514943
0 0.507448
0 0.472468
0 0.509398
0 0.537378
0 0.499696
0 0.492780
0 0.497440
0 0.520054
0 0.561870
0 0.493270
0 0.534133
0 0.498995
0 0.566792
0 0.513692
0 0.530827
0 0.559584
0 0.575075
0 0.479609
0 0.504759
0 0.461404
0 0.515959
0 0.537296
0 0.526948
0 0.526885
0 0.541321
0 0.482919
0 0.517286
0 0.512345
0 0.576279
0 0.478597
0 0.533311
0 0.488973
0 0.563518
0 0.544736
0 0.539172
0 0.490147
0 0.584916
0 0.500825
0 0.537471
0 0.511731
0 0.504309
0 0.464326
0 0.493636
0 0.551314
0 0.542132
0 0.546627
0 0.505815
0 0.537273
0 0.578051
0 0.568742
0 0.533414
0 0.527747
0 0.503700
0 0.518499
0 0.535373
0 0.511909
0 0.510144
0 0.514578
0 0.563175
0 0.516134
0 0.567714
0 0.485919
0 0.496917
0 0.446929
0 0.511293
0 0.490240
0 0.533370
0 0.510640
0 0.507403
0 0.557772
0 0.509509
0 0.513478
0 0.509529
0 0.587189
0 0.545674
0 0.493907
0 0.516758
0 0.506353
0 0.553742
0 0.477130
0 0.489603
0 0.547908
0 0.528113
0 0.573769
0 0.581176
0 0.513307
0 0.508371
0 0.520082
0 0.543849
0 0.495868
0 0.493284
0 0.522106
0 0.492857
0 0.503123
0 0.526399
0 0.538158
0 0.515154
0 0.504488
0 0.509455
0 0.483140
0 0.530090
0 0.495499
0 0.540600
0 0.507323
0 0.519764
0 0.527855
0 0.500890
0 0.531893
0 0.494152
0 0.523383
0 0.489112
0 0.508525
0 0.524602
0 0.489410
0 0.557283
0 0.585587
0 0.542191
0 0.532082
0 0.529800
0 0.530574
0 0.511127
0 0.497716
0 0.582893
0 0.531904
0 0.526014
0 0.555031
0 0.542297
0 0.541936
0 0.532492
0 0.493816
0 0.507034
0 0.531149
0 0.544208
0 0.576552
0 0.559525
0 0.533092
0 0.573327
0 0.563920
0 0.498863
0 0.537696
0 0.524077
0 0.511971
0 0.554057
0 0.583936
0 0.509596
0 0.519663
0 0.507434
0 0.489200
0 0.586391
0 0.514941
0 0.560873
0 0.552709
0 0.516311
0 0.579496
0 0.497830
0 0.473972
0 0.556526
0 0.487759
0 0.527634
0 0.502803
0 0.502623
0 0.509808
0 0.561395
0 0.510164
0 0.523163
0 0.568084
0 0.530259
0 0.562293
0 0.481167
0 0.482699
0 0.525125
0 0.540278
0 0.527807
0 0.518302
0 0.496070
0 0.563039
0 0.480750
0 0.563169
0 0.550281
0 0.521488
0 0.492824
0 0.532486
0 0.526332
0 0.502916
0 0.529001
0 0.570488
0 0.512077
0 0.522328
0 0.535611
0 0.518992
0 0.552298
0 0.542219
0 0.555622
0 0.535624
0 0.487126
0 0.577694
0 0.571012
0 0.574857
0 0.512455
0 0.535737
0 0.500910
0 0.514295
0 0.538744
0 0.478421
0 0.503352
0 0.468982
0 0.533976
0 0.516036
0 0.485409
0 0.480060
0 0.493635
0 0.534123
0 0.570503
0 0.562661
0 0.563080
0 0.510585
0 0.546047
0 0.546728
0 0.474273
0 0.494490
0 0.541639
0 0.512843
0 0.556213
0 0.529872
0 0.496515
0 0.475071
0 0.527423
0 0.488653
0 0.518777
0 0.538701
0 0.541150
0 0.521900
0 0.516535
0 0.555305
0 0.469140
0 0.542464
0 0.519861
0 0.543217
0 0.518676
0 0.459384
0 0.567489
0 0.558286
0 0.544024
0 0.492941
0 0.508365
0 0.560473
0 0.542476
0 0.562308
0 0.538270
0 0.536642
0 0.561475
0 0.488338
0 0.491976
0 0.484953
0 0.471797
0 0.509979
0 0.485841
0 0.483295
0 0.512673
0 0.569177
0 0.507022
0 0.515224
0 0.508703
0 0.529923
0 0.546672
0 0.546007
0 0.534950
0 0.505588
0 0.527974
0 0.530530
0 0.500818
0 0.480437
0 0.545450
0 0.489303
0 0.487901
0 0.514644
0 0.520963
0 0.513445
0 0.521450
0 0.488842
0 0.516996
0 0.578684
0 0.538996
0 0.554725
0 0.497001
0 0.513935
0 0.473261
0 0.549406
0 0.492616
0 0.507444
0 0.531152
0 0.539773
0 0.492574
0 0.517850
0 0.578529
0 0.461335
0 0.470247
0 0.512907
0 0.492052
0 0.558135
0 0.579312
0 0.540110
0 0.538728
0 0.487173
0 0.504110
0 0.566485
0 0.485094
0 0.537402
0 0.533694
0 0.543328
0 0.538104
0 0.536681
0 0.523979
0 0.524271
0 0.552240
0 0.541595
0 0.565086
0 0.575026
0 0.512809
0 0.546033
0 0.531944
0 0.549176
0 0.539507
0 0.529988
0 0.498059
0 0.563148
0 0.520881
0 0.549764
0 0.490634
0 0.493252
0 0.541126
0 0.519575
0 0.536474
0 0.552590
0 0.491703
0 0.525024
0 0.535702
0 0.502110
0 0.490495
0 0.513003
0 0.491507
0 0.535869
0 0.543986
0 0.518391
0 0.554290
0 0.536453
0 0.504311
0 0.539316
0 0.556142
0 0.486691
0 0.492218
0 0.542344
0 0.551284
0 0.601899
0 0.588433
0 0.554724
0 0.474580
0 0.505281
0 0.534455
0 0.514959
0 0.573088
0 0.494238
0 0.540237
0 0.573201
0 0.525960
0 0.551729
0 0.491231
0 0.498086
0 0.479641
0 0.541993
0 0.545151
0 0.502363
0 0.509843
0 0.518772
0 0.510508
0 0.545337
0 0.531126
0 0.561222
0 0.478230
0 0.586433
0 0.512156
0 0.554176
0 0.541536
0 0.548175
0 0.533928
0 0.508783
0 0.518565
0 0.526497
0 0.513016
0 0.528274
0 0.496640
0 0.578757
0 0.489545
0 0.547465
0 0.551947
0 0.524295
0 0.536056
0 0.524311
0 0.541790
0 0.500455
0 0.515481
0 0.468453
0 0.492771
0 0.484265
0 0.583674
0 0.546299
0 0.536120
0 0.524456
0 0.504203
0 0.541027
0 0.497510
0 0.555443
0 0.512673
0 0.490523
0 0.503817
0 0.588628
0 0.496047
0 0.547123
0 0.575781
0 0.565863
0 0.516112
0 0.584121
0 0.561041
0 0.529427
0 0.503720
0 0.511508
0 0.547572
0 0.578138
0 0.489173
0 0.579480
0 0.531309
0 0.509602
0 0.553069
0 0.527674
0 0.501768
0 0.577579
0 0.571164
0 0.508321
0 0.551446
0 0.543981
0 0.560654
0 0.489811
0 0.531468
0 0.575539
0 0.534315
0 0.509806
0 0.526816
0 0.550642
0 0.510701
0 0.529017
0 0.535760
0 0.519350
0 0.512188
0 0.522897
0 0.514784
0 0.512369
0 0.521999
0 0.464905
0 0.502549
0 0.536454
0 0.485056
0 0.540675
0 0.514609
0 0.566679
0 0.493440
0 0.548630
0 0.533178
0 0.530988
0 0.526807
0 0.524451
0 0.577570
0 0.528002
0 0.563515
0 0.516771
0 0.537537
0 0.561141
0 0.528545
0 0.576206
0 0.542082
0 0.556102
0 0.459958
0 0.477047
0 0.544640
0 0.538702
0 0.582129
0 0.492331
0 0.535074
0 0.497988
0 0.502519
0 0.512423
0 0.483626
0 0.514807
0 0.541364
0 0.550290
0 0.537368
0 0.477054
0 0.500718
0 0.489200
0 0.526653
0 0.519957
0 0.540204
0 0.568573
0 0.542162
0 0.513691
0 0.573920
0 0.479856
0 0.510247
0 0.532819
0 0.490315
0 0.547416
0 0.565769
0 0.522241
0 0.514993
0 0.524303
0 0.539943
0 0.553701
0 0.533546
0 0.572716
0 0.494680
0 0.530242
0 0.568918
0 0.506109
0 0.559198
0 0.577542
0 0.560432
0 0.570371
0 0.509108
0 0.502511
0 0.517832
0 0.587196
0 0.496783
0 0.578266
0 0.474084
0 0.526344
0 0.581847
0 0.559346
0 0.497061
0 0.554878
0 0.514995
0 0.535036
0 0.531134
0 0.507226
0 0.573204
0 0.493314
0 0.539206
0 0.475850
0 0.502847
0 0.544451
0 0.524588
0 0.579013
0 0.559201
0 0.555892
0 0.538865
0 0.491044
0 0.582445
0 0.528829
0 0.581882
0 0.514488
0 0.476965
0 0.543220
0 0.535092
0 0.532427
0 0.546989
0 0.492518
0 0.490928
0 0.566124
0 0.582019
0 0.508099
0 0.565491
0 0.537832
0 0.546285
0 0.532453
0 0.519950
0 0.551624
0 0.526138
0 0.494433
0 0.527415
0 0.519457
0 0.543680
0 0.515971
0 0.514890
0 0.569278
0 0.509420
0 0.566694
0 0.542758
0 0.581303
0 0.538058
0 0.528448
0 0.495706
0 0.547077
0 0.548491
0 0.558231
0 0.547369
0 0.524787
0 0.568324
0 0.486788
0 0.492189
0 0.494745
0 0.504454
0 0.509067
0 0.523683
0 0.504251
0 0.558490
0 0.500679
0 0.559478
0 0.519369
0 0.576953
0 0.593534
0 0.552734
0 0.553946
0 0.524785
0 0.566595
0 0.586031
0 0.556122
0 0.510578
0 0.539091
0 0.560956
0 0.494291
0 0.576174
0 0.515302
0 0.537438
0 0.573229
0 0.498045
0 0.522619
0 0.464018
0 0.571536
0 0.512836
0 0.490175
0 0.558955
0 0.531968
0 0.565555
0 0.537701
0 0.505199
0 0.507048
0 0.484819
0 0.496618
0 0.488628
0 0.529286
0 0.505684
0 0.501073
0 0.522217
0 0.506372
0 0.486997
0 0.505778
0 0.563080
0 0.481379
0 0.583529
0 0.498904
0 0.543144
0 0.575382
0 0.492394
0 0.491959
0 0.548400
0 0.485140
0 0.547932
0 0.574158
0 0.524113
0 0.565302
0 0.525731
0 0.510498
0 0.588793
0 0.557967
0 0.517523
0 0.518968
0 0.512038
0 0.485901
0 0.527950
0 0.565506
0 0.478672
0 0.562696
0 0.529840
0 0.529190
0 0.483326
0 0.495751
0 0.583129
0 0.511342
0 0.549263
0 0.524319
0 0.493870
0 0.479613
0 0.546757
0 0.513354
0 0.566274
0 0.573063
0 0.530001
0 0.492336
0 0.503277
0 0.540073
0 0.580046
0 0.525216
0 0.476566
0 0.474517
0 0.559230
0 0.557269
0 0.496809
0 0.508101
0 0.503988
0 0.484849
0 0.510807
0 0.495559
0 0.562231
0 0.495712
0 0.577158
0 0.527212
0 0.557960
0 0.495306
0 0.560496
0 0.527975
0 0.523064
0 0.503651
0 0.523649
0 0.569124
0 0.567487
0 0.512288
0 0.498021
0 0.530238
0 0.525578
0 0.554623
0 0.583516
0 0.464224
0 0.520301
0 0.533966
0 0.516286
0 0.538096
0 0.505153
0 0.521172
0 0.569958
0 0.540366
0 0.538866
0 0.511939
0 0.540180
0 0.489047
0 0.536230
0 0.496376
0 0.554430
0 0.523224
0 0.557852
0 0.497917
0 0.536356
0 0.538361
0 0.536039
0 0.517525
0 0.593085
0 0.535496
0 0.506562
0 0.582987
0 0.472057
0 0.539081
0 0.547782
0 0.551082
0 0.502637
0 0.511999
0 0.504503
0 0.518467
0 0.483504
0 0.558578
0 0.509950
0 0.575512
0 0.565782
0 0.483933
0 0.505698
0 0.509745
0 0.561006
0 0.547496
0 0.501310
0 0.497113
0 0.505397
0 0.496489
0 0.533431
0 0.545101
0 0.550800
0 0.486424
0 0.503910
0 0.485391
0 0.543935
0 0.510616
0 0.506611
0 0.502727
0 0.542875
0 0.544855
0 0.564988
0 0.572125
0 0.524409
0 0.496602
0 0.517594
0 0.540629
0 0.523996
0 0.533470
0 0.492497
0 0.544211
0 0.505284
0 0.530541
0 0.513601
0 0.565477
0 0.547069
0 0.566801
0 0.488813
0 0.574473
0 0.518144
0 0.538593
0 0.547383
0 0.487663
0 0.555803
0 0.572608
0 0.584095
0 0.517881
0 0.529658
0 0.507999
0 0.577424
0 0.545360
0 0.485705
0 0.535766
0 0.549658
0 0.537087
0 0.544232
0 0.528205
0 0.504863
0 0.487684
0 0.527118
0 0.553495
0 0.496374
0 0.481673
0 0.508692
0 0.542789
0 0.574702
0 0.481481
0 0.554000
0 0.517705
0 0.546614
0 0.489388
0 0.521322
0 0.556064
0 0.489796
0 0.540839
0 0.519472
0 0.521087
0 0.543493
0 0.540014
0 0.551274
0 0.497713
0 0.502098
0 0.535744
0 0.524387
0 0.570690
0 0.499904
0 0.492691
0 0.498748
0 0.548799
0 0.553757
0 0.531356
0 0.514570
0 0.481125
0 0.535174
0 0.527758
0 0.506048
0 0.550274
0 0.512344
0 0.511013
0 0.528800
0 0.559265
0 0.552517
0 0.480120
0 0.489575
0 0.512360
0 0.491430
0 0.534853
0 0.531535
0 0.537655
0 0.490226
0 0.496210
0 0.542171
0 0.510443
0 0.573050
0 0.535886
0 0.535730
0 0.534126
0 0.501736
0 0.538224
0 0.489693
0 0.578079
0 0.572905
0 0.561236
0 0.582583
0 0.560506
0 0.582259
0 0.519922
0 0.555659
0 0.528656
0 0.492249
0 0.553842
0 0.558015
0 0.497640
0 0.581934
0 0.458656
0 0.554963
0 0.509931
0 0.537150
0 0.524472
0 0.550721
0 0.489463
0 0.518990
0 0.558003
0 0.527140
0 0.554109
0 0.509167
0 0.536440
0 0.513789
0 0.586839
0 0.563521
0 0.534429
0 0.503239
0 0.562268
0 0.555108
0 0.498425
0 0.537766
0 0.497300
0 0.561803
0 0.486540
0 0.546963
0 0.463448
0 0.539628
0 0.493012
0 0.528340
0 0.518236
0 0.492257
0 0.544480
0 0.548206
0 0.522994
0 0.563801
0 0.514133
0 0.524414
0 0.488284
0 0.562369
0 0.514187
0 0.502136
0 0.501062
0 0.458375
0 0.512784
0 0.582957
0 0.550109
0 0.531789
0 0.508804
0 0.508764
0 0.482527
0 0.536394
0 0.507027
0 0.492607
0 0.576946
0 0.456523
0 0.533826
0 0.485681
0 0.489697
0 0.515888
0 0.582270
0 0.532579
0 0.542400
0 0.575416
0 0.558744
0 0.574927
0 0.478029
0 0.568271
0 0.543689
0 0.530370
0 0.569336
0 0.494669
0 0.536789
0 0.492812
0 0.537020
0 0.514993
0 0.584013
0 0.559803
0 0.567435
0 0.548582
0 0.516138
0 0.514144
0 0.505967
0 0.576278
0 0.557842
0 0.600501
0 0.553658
0 0.570992
0 0.541288
0 0.496298
0 0.563928
0 0.456937
0 0.544941
0 0.490552
0 0.538151
0 0.495937
0 0.539332
0 0.533158
0 0.516694
0 0.542068
0 0.557095
0 0.515698
0 0.521250
0 0.557114
0 0.511254
0 0.554644
0 0.485415
0 0.561277
0 0.502754
0 0.532011
0 0.500222
0 0.495922
0 0.536404
0 0.556958
0 0.514806
0 0.595671
0 0.572315
0 0.566451
0 0.543875
0 0.543160
0 0.531386
0 0.528012
0 0.496744
0 0.477002
0 0.570970
0 0.489050
0 0.523667
0 0.491594
0 0.530128
0 0.568103
0 0.486764
0 0.508330
0 0.508248
0 0.514352
0 0.557576
0 0.551490
0 0.589034
0 0.486522
0 0.529087
0 0.520355
0 0.525873
0 0.501896
0 0.508610
0 0.528489
0 0.502730
0 0.490418
0 0.539135
0 0.570942
0 0.522904
0 0.538366
0 0.521805
0 0.530165
0 0.509404
0 0.555277
0 0.520539
0 0.503410
0 0.514314
0 0.488439
0 0.527941
0 0.504536
0 0.515593
0 0.551257
0 0.505849
0 0.558146
0 0.515568
0 0.547527
0 0.526307
0 0.522331
0 0.574356
0 0.486531
0 0.526868
0 0.508534
0 0.569082
0 0.572067
0 0.568975
0 0.512348
0 0.496208
0 0.533840
0 0.493888
0 0.540478
0 0.495290
0 0.524613
0 0.490398
0 0.549870
0 0.500452
0 0.522150
0 0.516011
0 0.489653
0 0.525960
0 0.507385
0 0.496533
0 0.554727
0 0.514056
0 0.525841
0 0.547128
0 0.560598
0 0.506053
0 0.560447
0 0.507037
0 0.537890
0 0.583441
0 0.586598
0 0.459013
0 0.562065
0 0.559584
0 0.553357
0 0.512823
0 0.535872
0 0.549171
0 0.591354
0 0.479199
0 0.524149
0 0.599341
0 0.548508
0 0.577828
0 0.529820
0 0.511271
0 0.548795
0 0.565523
0 0.494693
0 0.560458
0 0.528813
0 0.563745
0 0.545893
0 0.516186
0 0.567164
0 0.579641
0 0.513811
0 0.566172
0 0.484836
0 0.520920
0 0.534295
0 0.506473
0 0.491640
0 0.523573
0 0.523062
0 0.553334
0 0.514250
0 0.551138
0 0.512622
0 0.575566
0 0.511767
0 0.571302
0 0.508444
0 0.519993
0 0.537679
0 0.574117
0 0.552485
0 0.554972
0 0.528649
0 0.528990
0 0.571922
0 0.560307
0 0.538328
0 0.501127
0 0.519509
0 0.539949
0 0.565539
0 0.519697
0 0.506356
0 0.577533
0 0.572463
0 0.511884
0 0.517075
0 0.550235
0 0.546022
0 0.562766
0 0.557902
0 0.543282
0 0.493153
0 0.565714
0 0.526900
0 0.557850
0 0.494617
0 0.541603
0 0.514429
0 0.466704
0 0.511216
0 0.554762
0 0.529376
0 0.526278
0 0.571078
0 0.535381
0 0.549114
0 0.530861
0 0.559667
0 0.528691
0 0.550789
0 0.515439
0 0.505129
0 0.542639
0 0.555537
0 0.566450
0 0.582254
0 0.519056
0 0.535477
0 0.565589
0 0.519894
0 0.515658
0 0.539979
0 0.512464
0 0.536680
0 0.546739
0 0.497806
0 0.516091
0 0.574588
0 0.525507
0 0.563651
0 0.520732
0 0.578686
0 0.522724
0 0.531584
0 0.518061
0 0.478886
0 0.578834
0 0.470620
0 0.579415
0 0.497673
0 0.500964
0 0.537442
0 0.533084
0 0.485274
0 0.528246
0 0.544479
0 0.556330
0 0.515697
0 0.564614
0 0.523943
0 0.509962
0 0.515969
0 0.457642
0 0.472720
0 0.510171
0 0.527178
0 0.525172
0 0.546948
0 0.503238
0 0.508339
0 0.498025
0 0.497659
0 0.487542
0 0.591370
0 0.522114
0 0.529582
0 0.528863
0 0.553155
0 0.497726
0 0.518923
0 0.519868
0 0.501686
0 0.483580
0 0.530836
0 0.553327
0 0.572340
0 0.560452
0 0.540855
0 0.503750
0 0.552468
0 0.522772
0 0.486869
0 0.537529
0 0.529006
0 0.497113
0 0.497691
0 0.522726
0 0.572270
0 0.537685
0 0.509006
0 0.531279
0 0.481792
0 0.490935
0 0.486523
0 0.577224
0 0.508192
0 0.502284
0 0.494494
0 0.498838
0 0.581635
0 0.558003
0 0.539075
0 0.499489
0 0.521900
0 0.505981
0 0.525146
0 0.513950
0 0.499759
0 0.488693
0 0.525097
0 0.463802
0 0.510375
0 0.570798
0 0.509361
0 0.511409
0 0.576101
0 0.589639
0 0.568341
0 0.588394
0 0.501433
0 0.515107
0 0.501327
0 0.503632
0 0.524137
0 0.572675
0 0.548836
0 0.528024
0 0.508783
0 0.504116
0 0.523276
0 0.534406
0 0.484895
0 0.532100
0 0.572008
0 0.511538
0 0.488682
0 0.518923
0 0.479718
0 0.566502
0 0.546261
0 0.505675
0 0.562292
0 0.492661
0 0.470306
0 0.572210
0 0.563228
0 0.549526
0 0.505610
0 0.518435
0 0.551113
0 0.564115
0 0.497952
0 0.565361
0 0.534005
0 0.504556
0 0.485050
0 0.496249
0 0.527927
0 0.601516
0 0.496356
0 0.538837
0 0.528828
0 0.522069
0 0.510481
0 0.576823
0 0.483997
0 0.526189
0 0.583363
0 0.486054
0 0.461002
0 0.536660
0 0.519515
0 0.554133
0 0.579848
0 0.501088
0 0.540316
0 0.539342
0 0.546198
0 0.561823
0 0.559061
0 0.553271
0 0.515470
0 0.491977
0 0.570313
0 0.554499
0 0.567293
0 0.578650
0 0.523717
0 0.520813
0 0.558724
0 0.503784
0 0.527840
0 0.540893
0 0.494450
0 0.507767
0 0.556825
0 0.544945
0 0.477035
0 0.541559
0 0.554833
0 0.498824
0 0.473823
0 0.539168
0 0.543667
0 0.492752
0 0.551986
0 0.534354
0 0.559400
0 0.513739
0 0.506292
0 0.456329
0 0.527344
0 0.495457
0 0.514870
0 0.559240
0 0.519257
0 0.519898
0 0.502105
0 0.524062
0 0.532646
0 0.513617
0 0.524029
0 0.571741
0 0.484536
0 0.549623
0 0.565680
0 0.589467
0 0.494593
0 0.562354
0 0.568384
0 0.543066
0 0.563963
0 0.575226
0 0.548355
0 0.519307
0 0.581731
0 0.568608
0 0.488428
0 0.543871
0 0.572585
0 0.534604
0 0.558617
0 0.540086
0 0.495619
0 0.534984
0 0.487319
0 0.586900
0 0.584268
0 0.573426
0 0.546971
0 0.578722
0 0.558182
0 0.455882
0 0.531259
0 0.492987
0 0.489200
0 0.470268
0 0.514752
0 0.583083
0 0.524723
0 0.562542
0 0.513327
0 0.484224
0 0.477125
0 0.502470
0 0.534310
0 0.486484
0 0.553131
0 0.558506
0 0.513191
0 0.480827
0 0.551663
0 0.556529
0 0.524565
0 0.536019
0 0.470626
0 0.525619
0 0.516819
0 0.533772
0 0.495741
0 0.484089
0 0.489839
0 0.505077
0 0.535972
0 0.479605
0 0.565759
0 0.559999
0 0.542168
0 0.569074
0 0.518090
0 0.560593
0 0.577264
0 0.573393
0 0.567104
0 0.519806
0 0.542884
0 0.489630
0 0.549132
0 0.546699
0 0.545581
0 0.503166
0 0.552679
0 0.496578
0 0.542609
0 0.569459
0 0.500978
0 0.502305
0 0.572344
0 0.528953
0 0.499263
0 0.506731
0 0.497947
0 0.538074
0 0.510906
0 0.547324
0 0.527149
0 0.570789
0 0.574812
0 0.514217
0 0.496902
0 0.503878
0 0.500446
0 0.491051
0 0.493338
0 0.565133
0 0.498736
0 0.530371
0 0.548625
0 0.591936
0 0.557891
0 0.582890
0 0.534045
0 0.442095
0 0.517925
0 0.569112
0 0.523342
0 0.587783
0 0.515779
0 0.532968
0 0.558952
0 0.532587
0 0.496254
0 0.482212
0 0.562226
0 0.511356
0 0.514630
0 0.485155
0 0.539721
0 0.510650
0 0.537314
0 0.492525
0 0.506934
0 0.520186
0 0.508813
0 0.564184
0 0.527050
0 0.485800
0 0.529486
0 0.492364
0 0.556669
0 0.545671
0 0.485637
0 0.509376
0 0.490107
0 0.542895
0 0.570003
0 0.518618
0 0.473625
0 0.498227
0 0.539937
0 0.505493
0 0.547495
0 0.528830
0 0.539030
0 0.491276
0 0.551004
0 0.566062
0 0.554720
0 0.526916
0 0.532663
0 0.526244
0 0.519871
0 0.517219
0 0.557442
0 0.530062
0 0.506095
0 0.489498
0 0.578159
0 0.492030
0 0.548365
0 0.490262
0 0.499402
0 0.512296
0 0.549788
0 0.493994
0 0.517528
0 0.506376
0 0.516721
0 0.519502
0 0.539977
0 0.535971
0 0.560955
0 0.528195
0 0.584381
0 0.549617
0 0.506178
0 0.491194
0 0.526013
0 0.512763
0 0.533709
0 0.551644
0 0.505995
0 0.502884
0 0.561982
0 0.465573
0 0.593381
0 0.502357
0 0.506698
0 0.503666
0 0.562527
0 0.538644
0 0.488547
0 0.563539
0 0.507353
0 0.532510
0 0.491630
0 0.513730
0 0.502162
0 0.512538
0 0.491392
0 0.546538
0 0.578334
0 0.556326
0 0.553845
0 0.509275
0 0.476228
0 0.494562
0 0.534756
0 0.554934
0 0.502456
0 0.544789
0 0.511396
0 0.529811
0 0.521713
0 0.522377
0 0.551187
0 0.500497
0 0.567594
0 0.555812
0 0.486281
0 0.559251
0 0.552770
0 0.535958
0 0.516504
0 0.507941
0 0.571851
0 0.562667
0 0.527705
0 0.567177
0 0.518142
0 0.485097
0 0.509220
0 0.526454
0 0.486317
0 0.524924
0 0.527210
0 0.517251
0 0.542289
0 0.568532
0 0.572011
0 0.566626
0 0.491567
0 0.492303
0 0.484952
0 0.508374
0 0.560942
0 0.509944
0 0.478709
0 0.531586
0 0.538569
0 0.503115
0 0.509690
0 0.480556
0 0.582314
0 0.574863
0 0.502750
0 0.538664
0 0.497589
0 0.551628
0 0.519329
0 0.564743
0 0.505977
0 0.499095
0 0.539095
0 0.584326
0 0.519508
0 0.538761
0 0.539849
0 0.518650
0 0.508633
0 0.530544
0 0.587795
0 0.565293
0 0.511697
0 0.509507
0 0.551831
0 0.520569
0 0.531952
0 0.531484
0 0.514743
0 0.514133
0 0.526159
0 0.497449
0 0.539954
0 0.464413
0 0.541796
0 0.526635
0 0.487593
0 0.544915
0 0.494945
0 0.514764
0 0.510420
0 0.544191
0 0.510125
0 0.489087
0 0.541441
0 0.486360
0 0.524756
0 0.540763
0 0.492636
0 0.532235
0 0.508703
0 0.512550
0 0.537291
0 0.535287
0 0.578260
0 0.505661
0 0.542153
0 0.557340
0 0.543466
0 0.502596
0 0.532392
0 0.551387
0 0.508746
0 0.510070
0 0.556846
0 0.569568
0 0.548436
0 0.497078
0 0.563830
0 0.550768
0 0.535877
0 0.525549
0 0.512758
0 0.533029
0 0.525389
0 0.501369
0 0.585243
0 0.493322
0 0.514993
0 0.543699
0 0.572116
0 0.502667
0 0.504250
0 0.489319
0 0.493463
0 0.497873
0 0.510568
0 0.516603
0 0.483120
0 0.498429
0 0.556971
0 0.494806
0 0.553250
0 0.501610
0 0.584022
0 0.536171
0 0.484639
0 0.511399
0 0.520151
0 0.467087
0 0.509359
0 0.562255
0 0.499427
0 0.556936
0 0.526975
0 0.530631
0 0.516660
0 0.532767
0 0.515093
0 0.557154
0 0.520322
0 0.526861
0 0.497121
0 0.542564
0 0.542890
0 0.577582
0 0.534596
0 0.514359
0 0.557784
0 0.583164
0 0.541400
0 0.571100
0 0.511522
0 0.596114
0 0.562156
0 0.538670
0 0.488382
0 0.513998
0 0.586992
0 0.580500
0 0.511592
0 0.571985
0 0.511269
0 0.576605
0 0.531484
0 0.500546
0 0.488172
0 0.496039
0 0.494865
0 0.544723
0 0.485511
0 0.518693
0 0.520389
0 0.569456
0 0.521148
0 0.516941
0 0.553382
0 0.518179
0 0.537606
0 0.507987
0 0.492612
0 0.500927
0 0.525496
0 0.530129
0 0.576568
0 0.539240
0 0.521529
0 0.478682
0 0.564722
0 0.514837
0 0.498334
0 0.474733
0 0.519101
0 0.567545
0 0.540004
0 0.506444
0 0.490448
0 0.564375
0 0.518159
0 0.574434
0 0.497298
0 0.572901
0 0.532554
0 0.526365
0 0.554636
0 0.525252
0 0.503181
0 0.500991
0 0.517621
0 0.578909
0 0.503263
0 0.518114
0 0.512204
0 0.506866
0 0.528515
0 0.541342
0 0.538224
0 0.494150
0 0.482138
0 0.511607
0 0.530400
0 0.512928
0 0.519714
0 0.502988
0 0.535140
0 0.503042
0 0.545425
0 0.544857
0 0.479076
0 0.516135
0 0.566798
0 0.545775
0 0.529881
0 0.573160
0 0.527626
0 0.559824
0 0.537788
0 0.482597
0 0.573366
0 0.503127
0 0.512725
0 0.546362
0 0.526341
0 0.511346
0 0.495532
0 0.526451
0 0.497767
0 0.508796
0 0.535302
0 0.537023
0 0.553686
0 0.529511
0 0.509774
0 0.579732
0 0.562429
0 0.520922
0 0.576301
0 0.480548
0 0.541688
0 0.475198
0 0.509067
0 0.508202
0 0.488653
0 0.572099
0 0.574642
0 0.543796
0 0.509827
0 0.563237
0 0.499309
0 0.549274
0 0.522027
0 0.522938
0 0.499297
0 0.520930
0 0.537097
0 0.494903
0 0.441783
0 0.541440
0 0.520929
0 0.488830
0 0.558507
0 0.486347
0 0.543475
0 0.566132
0 0.500629
0 0.564756
0 0.506287
0 0.502926
0 0.487913
0 0.486118
0 0.581456
0 0.504769
0 0.540446
0 0.528571
0 0.500952
0 0.511191
0 0.539432
0 0.494269
0 0.576573
0 0.566623
0 0.557339
0 0.502176
0 0.541632
0 0.586674
0 0.538902
0 0.514271
0 0.554755
0 0.559466
0 0.507946
0 0.477480
0 0.587352
0 0.534800
0 0.484162
0 0.533354
0 0.486920
0 0.528621
0 0.509492
0 0.524434
0 0.549444
0 0.518482
0 0.489200
0 0.527104
0 0.554556
0 0.555470
0 0.544344
0 0.531644
0 0.547110
0 0.490596
0 0.529684
0 0.490844
0 0.536678
0 0.527927
0 0.521335
0 0.485363
0 0.579422
0 0.515194
0 0.589376
0 0.539477
0 0.545540
0 0.490251
0 0.502248
0 0.526122
0 0.492221
0 0.538336
0 0.547564
0 0.534212
0 0.497139
0 0.484424
0 0.559266
0 0.518296
0 0.521582
0 0.569303
0 0.495376
0 0.552729
0 0.605640
0 0.545429
0 0.558616
0 0.573423
0 0.530973
0 0.540757
0 0.476817
0 0.494547
0 0.527497
0 0.532215
0 0.506769
0 0.516748
0 0.548974
0 0.514982
0 0.526664
0 0.512916
0 0.507230
0 0.557297
0 0.505077
0 0.538633
0 0.529946
0 0.567213
0 0.544391
0 0.518378
0 0.522683
0 0.554982
0 0.481816
0 0.519303
0 0.509682
0 0.482835
0 0.596731
0 0.534235
0 0.532600
0 0.560712
0 0.536258
0 0.513470
0 0.531885
0 0.483136
0 0.539814
0 0.449388
0 0.534934
0 0.560170
0 0.508495
0 0.538430
0 0.553029
0 0.521276
0 0.472046
0 0.543093
0 0.517778
0 0.577025
0 0.562667
0 0.579622
0 0.478075
0 0.577276
0 0.535060
0 0.498018
0 0.564360
0 0.503026
0 0.559518
0 0.558126
0 0.492277
0 0.522212
0 0.550360
0 0.506278
0 0.544942
0 0.521497
0 0.500875
0 0.526204
0 0.554874
0 0.528800
0 0.574670
0 0.578737
0 0.508492
0 0.536321
0 0.506174
0 0.575996
0 0.580766
0 0.550576
0 0.604452
0 0.500402
0 0.497908
0 0.495563
0 0.524786
0 0.510649
0 0.552296
0 0.499155
0 0.516810
0 0.551144
0 0.484804
0 0.581609
0 0.492120
0 0.465254
0 0.557543
0 0.519712
0 0.478617
0 0.511505
0 0.516780
0 0.555231
0 0.523362
0 0.508042
0 0.573266
0 0.524284
0 0.523867
0 0.473826
0 0.528995
0 0.567586
0 0.580589
0 0.543580
0 0.536961
0 0.507962
0 0.509690
0 0.521863
0 0.557102
0 0.572802
0 0.527674
0 0.503768
0 0.537291
0 0.529619
0 0.547909
0 0.526970
0 0.574276
0 0.555339
0 0.538379
0 0.546724
0 0.497368
0 0.578277
0 0.556842
0 0.508125
0 0.485518
0 0.517663
0 0.537683
0 0.493034
0 0.570720
0 0.562922
0 0.566745
0 0.522087
0 0.538127
0 0.519296
0 0.493551
0 0.493208
0 0.588462
0 0.577492
0 0.558739
0 0.512814
0 0.477312
0 0.530559
0 0.500663
0 0.543724
0 0.550945
0 0.519742
0 0.581620
0 0.519728
0 0.519494
0 0.562239
0 0.465858
0 0.556303
0 0.553970
0 0.530671
0 0.557189
0 0.583710
0 0.503140
0 0.486486
0 0.536044
0 0.542641
0 0.547840
0 0.500263
0 0.486995
0 0.521434
0 0.545757
0 0.538964
0 0.551985
0 0.538010
0 0.537533
0 0.483208
0 0.480448
0 0.540684
0 0.555156
0 0.495568
0 0.534213
0 0.505651
0 0.544016
0 0.539886
0 0.562523
0 0.506171
0 0.509282
0 0.506597
0 0.515835
0 0.492516
0 0.503733
0 0.534973
0 0.553662
0 0.556504
0 0.490460
0 0.532931
0 0.516282
0 0.489200
0 0.503182
0 0.564791
0 0.519995
0 0.444672
0 0.482799
0 0.486126
0 0.532667
0 0.522257
0 0.583944
0 0.585914
0 0.537018
0 0.493321
0 0.514215
0 0.526446
0 0.543311
0 0.523998
0 0.555357
0 0.543687
0 0.545271
0 0.520137
0 0.551634
0 0.490107
0 0.503988
0 0.523218
0 0.518440
0 0.557590
0 0.531964
0 0.523710
0 0.552266
0 0.562674
0 0.518066
0 0.493933
0 0.532097
0 0.568352
0 0.573886
0 0.524756
0 0.550207
0 0.561495
0 0.515619
0 0.540691
0 0.495065
0 0.530278
0 0.470206
0 0.524564
0 0.531334
0 0.534887
0 0.489751
0 0.575826
0 0.534165
0 0.541786
0 0.494139
0 0.537827
0 0.489938
0 0.536146
0 0.483424
0 0.552171
0 0.539908
0 0.486058
0 0.541903
0 0.560746
0 0.503575
0 0.544729
0 0.503291
0 0.495978
0 0.551935
0 0.498291
0 0.489200
0 0.576513
0 0.498698
0 0.512716
0 0.508050
0 0.500512
0 0.563823
0 0.567426
0 0.536587
0 0.528663
0 0.503930
0 0.536390
0 0.564779
0 0.530909
0 0.525329
0 0.513451
0 0.568427
0 0.536422
0 0.548697
0 0.508374
0 0.486071
0 0.471042
0 0.500442
0 0.536336
0 0.542977
0 0.535814
0 0.512088
0 0.504606
0 0.570214
0 0.512332
0 0.568088
0 0.539439
0 0.482542
0 0.521144
0 0.552685
0 0.580867
0 0.513249
0 0.466114
0 0.533178
0 0.512385
0 0.530364
0 0.599454
0 0.490771
0 0.518891
0 0.500805
0 0.538249
0 0.514789
0 0.543931
0 0.521549
0 0.536295
0 0.492747
0 0.505428
0 0.505204
0 0.541859
0 0.557262
0 0.544973
0 0.497210
0 0.540906
0 0.553260
0 0.505343
0 0.528622
0 0.492217
0 0.550633
0 0.576774
0 0.560885
0 0.518261
0 0.484485
0 0.492879
0 0.542527
0 0.567900
0 0.529428
0 0.522900
0 0.568285
0 0.541159
0 0.549000
0 0.570054
0 0.559640
0 0.554447
0 0.524778
0 0.536239
0 0.494962
0 0.563636
0 0.550933
0 0.508105
0 0.521324
0 0.485847
0 0.521677
0 0.496453
0 0.574621
0 0.577273
0 0.504994
0 0.514741
0 0.557129
0 0.553203
0 0.558237
0 0.554323
0 0.526766
0 0.510949
0 0.512522
0 0.503462
0 0.496916
0 0.511339
0 0.540527
0 0.566254
0 0.527637
0 0.505894
0 0.557362
0 0.526652
0 0.522117
0 0.575508
0 0.567937
0 0.538095
0 0.553302
0 0.541879
0 0.509161
0 0.538824
0 0.488580
0 0.543252
0 0.507487
0 0.510382
0 0.582874
0 0.482306
0 0.548347
0 0.492152
0 0.490451
0 0.528926
0 0.531946
0 0.504521
0 0.510608
0 0.591959
0 0.511249
0 0.542335
0 0.518631
0 0.522456
0 0.516055
0 0.550448
0 0.554170
0 0.549859
0 0.518294
0 0.519765
0 0.516524
0 0.489181
0 0.574701
0 0.546149
0 0.524378
0 0.533964
0 0.535999
0 0.496566
0 0.564081
0 0.506335
0 0.528820
0 0.574165
0 0.550284
0 0.494104
0 0.563910
0 0.580633
0 0.566011
0 0.534774
0 0.525755
0 0.527383
0 0.506727
0 0.454333
0 0.496677
0 0.583574
0 0.534236
0 0.519647
0 0.556378
0 0.493622
0 0.531304
0 0.515200
0 0.503491
0 0.515499
0 0.510999
0 0.493958
0 0.473284
0 0.508610
0 0.563949
0 0.561701
0 0.562775
0 0.544830
0 0.503371
0 0.486310
0 0.506091
0 0.511170
0 0.551405
0 0.486002
0 0.563520
0 0.582288
0 0.505484
0 0.526650
0 0.527284
0 0.523707
0 0.488898
0 0.495473
0 0.511104
0 0.544487
0 0.490112
0 0.570469
0 0.506430
0 0.567165
0 0.525426
0 0.493105
0 0.551449
0 0.525991
0 0.512167
0 0.559574
0 0.521426
0 0.503168
0 0.551877
0 0.493433
0 0.561400
0 0.573996
0 0.512742
0 0.508574
0 0.517157
0 0.567711
0 0.513302
0 0.486538
0 0.553308
0 0.508507
0 0.497924
0 0.583296
0 0.531492
0 0.547243
0 0.530122
0 0.505043
0 0.546392
0 0.542376
0 0.491041
0 0.511049
0 0.490176
0 0.541233
0 0.552193
0 0.549619
0 0.499082
0 0.511943
0 0.575802
0 0.507764
0 0.548025
0 0.497360
0 0.572243
0 0.512048
0 0.540109
0 0.462050
0 0.467034
0 0.539155
0 0.514231
0 0.496805
0 0.511415
0 0.512899
0 0.512917
0 0.522241
0 0.562133
0 0.544194
0 0.554969
0 0.545282
0 0.538831
0 0.482593
0 0.552069
0 0.533462
0 0.543276
0 0.574607
0 0.538785
0 0.581962
0 0.514705
0 0.498382
0 0.529628
0 0.523105
0 0.570826
0 0.544368
0 0.519662
0 0.543319
0 0.496882
0 0.526980
0 0.545387
0 0.509486
0 0.572167
0 0.569798
0 0.512939
0 0.531340
0 0.507529
0 0.491041
0 0.572965
0 0.492185
0 0.500636
0 0.535834
0 0.498220
0 0.523694
0 0.512153
0 0.571383
0 0.505507
0 0.517005
0 0.575208
0 0.575605
0 0.505275
0 0.576096
0 0.536865
0 0.497193
0 0.538094
0 0.469962
0 0.507533
0 0.527478
0 0.542991
0 0.528466
0 0.510704
0 0.505731
0 0.562860
0 0.502257
0 0.558661
0 0.575395
0 0.528382
0 0.502772
0 0.518848
0 0.505346
0 0.524635
0 0.505172
0 0.542922
0 0.462981
0 0.541829
0 0.491319
0 0.493195
0 0.553232
0 0.535126
0 0.518835
0 0.536975
0 0.518322
0 0.483838
0 0.526191
0 0.537214
0 0.501695
0 0.564681
0 0.482778
0 0.543850
0 0.472572
0 0.463587
0 0.482885
0 0.543154
0 0.530088
0 0.500180
0 0.526414
0 0.494596
0 0.500547
0 0.518657
0 0.515779
0 0.506774
0 0.493104
0 0.527833
0 0.564969
0 0.539539
0 0.509415
0 0.526209
0 0.557568
0 0.499065
0 0.496305
0 0.560253
0 0.543596
0 0.528401
0 0.550842
0 0.512954
0 0.516665
0 0.490787
0 0.553262
0 0.505162
0 0.569539
0 0.559451
0 0.484144
0 0.563508
0 0.561337
0 0.519854
0 0.491491
0 0.537377
0 0.520921
0 0.577810
0 0.565684
0 0.500914
0 0.481601
0 0.545928
0 0.547133
0 0.535275
0 0.514364
0 0.537622
0 0.556961
0 0.523268
0 0.518965
0 0.547217
0 0.506993
0 0.504813
0 0.450352
0 0.541446
0 0.564573
0 0.496365
0 0.576016
0 0.519805
0 0.562675
0 0.517512
0 0.574913
0 0.515385
0 0.534440
0 0.577239
0 0.566811
0 0.513779
0 0.512273
0 0.508693
0 0.558334
0 0.589086
0 0.499200
0 0.504224
0 0.536794
0 0.524949
0 0.510385
0 0.530736
0 0.540282
0 0.525039
0 0.450948
0 0.529542
0 0.500489
0 0.479877
0 0.516951
0 0.530037
0 0.506238
0 0.526836
0 0.531311
0 0.559073
0 0.464282
0 0.537074
0 0.507505
0 0.494292
0 0.528712
0 0.549802
0 0.506771
0 0.587385
0 0.547530
0 0.492272
0 0.498189
0 0.522837
0 0.485771
0 0.501659
0 0.499529
0 0.545264
0 0.512885
0 0.496018
0 0.551171
0 0.533594
0 0.549415
0 0.536984
0 0.539324
0 0.560275
0 0.481500
0 0.563084
0 0.542049
0 0.565572
0 0.505378
0 0.548890
0 0.548039
0 0.536686
0 0.484664
0 0.516034
0 0.541977
0 0.535064
0 0.565275
0 0.579655
0 0.491510
0 0.553061
0 0.503939
0 0.541147
0 0.546187
0 0.558327
0 0.541058
0 0.585607
0 0.551882
0 0.601017
0 0.539948
0 0.573930
0 0.531994
0 0.527458
0 0.550506
0 0.618897
0 0.576094
0 0.491458
0 0.516329
0 0.492568
0 0.467349
0 0.534738
0 0.559513
0 0.483312
0 0.489913
0 0.547905
0 0.491683
0 0.505273
0 0.498620
0 0.504383
0 0.571630
0 0.504088
0 0.501236
0 0.544610
0 0.503294
0 0.523617
0 0.437048
0 0.580596
0 0.536281
0 0.469204
0 0.529549
0 0.536287
0 0.547905
0 0.546948
0 0.543496
0 0.558478
0 0.495825
0 0.514165
0 0.508448
0 0.563224
0 0.485076
1 0.563221
1 0.561177
1 0.532461
1 0.569669
1 0.558333
1 0.555715
1 0.517779
1 0.553553
1 0.499580
1 0.555029
1 0.593481
1 0.550638
1 0.585119
1 0.543557
1 0.518164
1 0.580760
1 0.538402
1 0.503229
1 0.547881
1 0.557948
1 0.560039
1 0.541941
1 0.565216
1 0.553827
1 0.590395
1 0.550683
1 0.559586
1 0.556502
1 0.534501
1 0.527053
1 0.545372
1 0.582368
1 0.547031
1 0.594345
1 0.558114
1 0.535211
1 0.549103
1 0.530615
1 0.558651
1 0.547195
1 0.548225
1 0.537728
1 0.542912
1 0.554531
1 0.532750
1 0.512829
1 0.540345
1 0.574567
1 0.580004
1 0.565714
1 0.556735
1 0.518105
1 0.504349
1 0.544823
1 0.491660
1 0.544185
1 0.569386
1 0.593931
1 0.567401
1 0.559119
1 0.567311
1 0.592440
1 0.558755
1 0.570083
1 0.533665
1 0.553932
1 0.558240
1 0.514851
1 0.501057
1 0.529612
1 0.528437
1 0.592994
1 0.534827
1 0.544848
1 0.573520
1 0.555731
1 0.538810
1 0.567036
1 0.578257
1 0.564809
1 0.585419
1 0.570754
1 0.522636
1 0.524573
1 0.531196
1 0.515165
1 0.580697
1 0.587554
1 0.556783
1 0.588629
1 0.575051
1 0.526900
1 0.571652
1 0.551757
1 0.532658
1 0.557444
1 0.552886
1 0.550453
1 0.579072
1 0.544598
1 0.581143
1 0.577024
1 0.587410
1 0.514031
1 0.580306
1 0.508376
1 0.535103
1 0.542814
1 0.589356
1 0.597386
1 0.572342
1 0.532951
1 0.568683
1 0.579212
1 0.547363
1 0.558382
1 0.511435
1 0.513646
1 0.549760
1 0.511481
1 0.555457
1 0.546632
1 0.514447
1 0.556742
1 0.568731
1 0.556494
1 0.536334
1 0.562241
1 0.589474
1 0.528669
1 0.547719
1 0.555515
1 0.522917
1 0.574627
1 0.590341
1 0.555213
1 0.574829
1 0.555044
1 0.569397
1 0.534807
1 0.558209
1 0.535350
1 0.571093
1 0.531028
1 0.537139
1 0.573669
1 0.551408
1 0.542938
1 0.560493
1 0.589077
1 0.568121
1 0.585746
1 0.564934
1 0.526163
1 0.533879
1 0.589147
1 0.562405
1 0.543186
1 0.580104
1 0.580065
1 0.540059
1 0.562103
1 0.574221
1 0.503054
1 0.511959
1 0.514085
1 0.585592
1 0.518522
1 0.520708
1 0.579013
1 0.544207
1 0.558771
1 0.514916
1 0.534919
1 0.596479
1 0.541306
1 0.569636
1 0.513242
1 0.558964
1 0.547863
1 0.522293
1 0.568151
1 0.506504
1 0.550824
1 0.572976
1 0.510498
1 0.568974
1 0.576721
1 0.540598
1 0.568921
1 0.524543
1 0.555035
1 0.553734
1 0.535710
1 0.557423
1 0.572528
1 0.545071
1 0.549655
1 0.570291
1 0.526205
1 0.548154
1 0.588258
1 0.512351
1 0.584120
1 0.555547
1 0.552559
1 0.563676
1 0.565397
1 0.575579
1 0.560216
1 0.536534
1 0.596753
1 0.575667
1 0.556274
1 0.544887
1 0.580833
1 0.516131
1 0.558662
1 0.570702
1 0.579369
1 0.562331
1 0.564694
1 0.557544
1 0.503166
1 0.564987
1 0.545087
1 0.520225
1 0.554889
1 0.575810
1 0.570229
1 0.600209
1 0.509803
1 0.561589
1 0.578778
1 0.566506
1 0.594166
1 0.588429
1 0.567682
1 0.556660
1 0.560844
1 0.556389
1 0.546667
1 0.573676
1 0.547624
1 0.549664
1 0.560068
1 0.535535
1 0.549026
1 0.535767
1 0.546465
1 0.521540
1 0.570247
1 0.538410
1 0.553119
1 0.543410
1 0.578983
1 0.518279
1 0.563609
1 0.583661
1 0.538601
1 0.562765
1 0.561334
1 0.577697
1 0.549656
1 0.567206
1 0.510062
1 0.590315
1 0.536160
1 0.521415
1 0.586841
1 0.494593
1 0.565371
1 0.569194
1 0.569966
1 0.559563
1 0.548585
1 0.580727
1 0.542537
1 0.552239
1 0.570232
1 0.532156
1 0.557145
1 0.574163
1 0.541243
1 0.577572
1 0.594061
1 0.577123
1 0.576751
1 0.534535
1 0.537540
1 0.524970
1 0.564965
1 0.545794
1 0.537810
1 0.497968
1 0.594314
1 0.549904
1 0.525935
1 0.591065
1 0.560498
1 0.565346
1 0.591451
1 0.560844
1 0.549865
1 0.518912
1 0.517943
1 0.589311
1 0.548770
1 0.559889
1 0.595226
1 0.578520
1 0.535754
1 0.550098
1 0.568877
1 0.538675
1 0.555423
1 0.570693
1 0.574508
1 0.527578
1 0.522156
1 0.492497
1 0.542807
1 0.540263
1 0.530891
1 0.551807
1 0.531123
1 0.515152
1 0.591062
1 0.562761
1 0.540170
1 0.511953
1 0.571214
1 0.595470
1 0.519820
1 0.579190
1 0.512092
1 0.524452
1 0.523178
1 0.556237
1 0.510035
1 0.558092
1 0.527817
1 0.536956
1 0.526051
1 0.512319
1 0.548232
1 0.559930
1 0.509773
1 0.579151
1 0.541928
1 0.562934
1 0.548491
1 0.559251
1 0.550136
1 0.568342
1 0.524304
1 0.556251
1 0.561563
1 0.512054
1 0.527745
1 0.565369
1 0.565171
1 0.563535
1 0.548719
1 0.505693
1 0.592122
1 0.569949
1 0.580671
1 0.581718
1 0.565886
1 0.568745
1 0.560604
1 0.594777
1 0.561259
1 0.511574
1 0.544596
1 0.567199
1 0.538513
1 0.507648
1 0.502396
1 0.575211
1 0.580696
1 0.564940
1 0.527977
1 0.533700
1 0.562160
1 0.540638
1 0.583156
1 0.569218
1 0.578297
1 0.545967
1 0.537980
1 0.559069
1 0.561830
1 0.583907
1 0.549976
1 0.534352
1 0.578488
1 0.471705
1 0.541639
1 0.577675
1 0.562878
1 0.554629
1 0.575006
1 0.547103
1 0.484283
1 0.544107
1 0.531037
1 0.578461
1 0.558921
1 0.550629
1 0.520858
1 0.556376
1 0.538909
1 0.566773
1 0.552508
1 0.544656
1 0.517630
1 0.549246
1 0.575149
1 0.541828
1 0.559783
1 0.521510
1 0.593160
1 0.537907
1 0.551962
1 0.532240
1 0.571469
1 0.533198
1 0.577965
1 0.587341
1 0.561251
1 0.536564
1 0.553159
1 0.549467
1 0.551196
1 0.542017
1 0.569465
1 0.511162
1 0.588110
1 0.554731
1 0.521766
1 0.541122
1 0.563784
1 0.535612
1 0.516999
1 0.548920
1 0.506057
1 0.533161
1 0.528789
1 0.568189
1 0.538516
1 0.555871
1 0.546122
1 0.519388
1 0.523398
1 0.523944
1 0.552231
1 0.562415
1 0.585903
1 0.534602
1 0.518684
1 0.540622
1 0.566773
1 0.597046
1 0.599455
1 0.519850
1 0.557191
1 0.577248
1 0.515578
1 0.563971
1 0.549125
1 0.539224
1 0.542435
1 0.543165
1 0.522313
1 0.555475
1 0.529714
1 0.554224
1 0.537061
1 0.562639
1 0.565106
1 0.585429
1 0.590777
1 0.520767
1 0.551812
1 0.583648
1 0.511085
1 0.523103
1 0.557903
1 0.556734
1 0.558021
1 0.536369
1 0.561344
1 0.552176
1 0.557559
1 0.554048
1 0.536461
1 0.563828
1 0.543110
1 0.561045
1 0.528605
1 0.563128
1 0.575991
1 0.559386
1 0.558201
1 0.520829
1 0.527261
1 0.513328
1 0.547851
1 0.533557
1 0.566781
1 0.563408
1 0.497207
1 0.551393
1 0.551837
1 0.508346
1 0.531244
1 0.556379
1 0.554692
1 0.543666
1 0.506478
1 0.513626
1 0.489583
1 0.549097
1 0.570809
1 0.553050
1 0.577033
1 0.582499
1 0.528741
1 0.547491
1 0.542222
1 0.546570
1 0.555227
1 0.525844
1 0.542846
1 0.575366
1 0.550678
1 0.585664
1 0.500910
1 0.536082
1 0.565583
1 0.543195
1 0.531037
1 0.572526
1 0.499129
1 0.532042
1 0.593011
1 0.530155
1 0.547652
1 0.565105
1 0.583597
1 0.546853
1 0.540346
1 0.553500
1 0.568940
1 0.584322
1 0.578701
1 0.560126
1 0.567057
1 0.533757
1 0.553657
1 0.562315
1 0.549910
1 0.535456
1 0.565708
1 0.562622
1 0.551261
1 0.522577
1 0.530440
1 0.554977
1 0.551104
1 0.544102
1 0.570633
1 0.559412
1 0.527546
1 0.549254
1 0.578279
1 0.595239
1 0.555543
1 0.558862
1 0.556134
1 0.578879
1 0.516065
1 0.574666
1 0.524239
1 0.549540
1 0.595170
1 0.557700
1 0.571249
1 0.557060
1 0.555132
1 0.527666
1 0.604597
1 0.580849
1 0.574090
1 0.519475
1 0.527438
1 0.554368
1 0.561736
1 0.553320
1 0.529242
1 0.574284
1 0.541439
1 0.554822
1 0.579942
1 0.480985
1 0.566904
1 0.574188
1 0.529944
1 0.492095
1 0.485341
1 0.529090
1 0.582853
1 0.551298
1 0.514589
1 0.520937
1 0.518001
1 0.510969
1 0.556645
1 0.529483
1 0.571577
1 0.551220
1 0.579409
1 0.512426
1 0.531192
1 0.525172
1 0.542684
1 0.538367
1 0.542588
1 0.554494
1 0.556302
1 0.580489
1 0.549872
1 0.523787
1 0.543774
1 0.504626
1 0.561678
1 0.598097
1 0.526359
1 0.569251
1 0.538368
1 0.531861
1 0.561076
1 0.563004
1 0.523321
1 0.542807
1 0.521875
1 0.563237
1 0.565767
1 0.585662
1 0.574805
1 0.556942
1 0.560688
1 0.562789
1 0.575189
1 0.510610
1 0.552686
1 0.574181
1 0.543524
1 0.574734
1 0.565741
1 0.561441
1 0.555896
1 0.578616
1 0.523974
1 0.559625
1 0.535547
1 0.561000
1 0.527549
1 0.542951
1 0.554323
1 0.555261
1 0.577127
1 0.550676
1 0.532301
1 0.536600
1 0.525539
1 0.548413
1 0.569152
1 0.556618
1 0.512115
1 0.544989
1 0.556886
1 0.525742
1 0.575238
1 0.524611
1 0.572423
1 0.551690
1 0.537922
1 0.517723
1 0.548668
1 0.562093
1 0.549146
1 0.545770
1 0.520325
1 0.538384
1 0.560834
1 0.567142
1 0.543446
1 0.506361
1 0.570777
1 0.510222
1 0.545196
1 0.572156
1 0.563281
1 0.551147
1 0.554816
1 0.559282
1 0.533112
1 0.579418
1 0.534942
1 0.585389
1 0.537537
1 0.569715
1 0.514700
1 0.549824
1 0.492698
1 0.527359
1 0.560968
1 0.576101
1 0.569191
1 0.554457
1 0.549449
1 0.562649
1 0.550962
1 0.522211
1 0.518716
1 0.595831
1 0.517363
1 0.557064
1 0.581044
1 0.579345
1 0.552291
1 0.552177
1 0.494225
1 0.566943
1 0.561398
1 0.538425
1 0.550036
1 0.548628
1 0.547794
1 0.585176
1 0.580849
1 0.532241
1 0.512847
1 0.595923
1 0.592113
1 0.526442
1 0.541710
1 0.560926
1 0.543626
1 0.524699
1 0.541170
1 0.531435
1 0.527072
1 0.516915
1 0.547167
1 0.578840
1 0.556296
1 0.499447
1 0.555541
1 0.584340
1 0.548433
1 0.553335
1 0.561773
1 0.560788
1 0.530562
1 0.505441
1 0.570060
1 0.510632
1 0.574360
1 0.547517
1 0.499116
1 0.575712
1 0.526174
1 0.572777
1 0.548633
1 0.538521
1 0.518051
1 0.513313
1 0.570927
1 0.536503
1 0.582204
1 0.570301
1 0.580127
1 0.570322
1 0.574238
1 0.578407
1 0.567861
1 0.572101
1 0.551860
1 0.575237
1 0.555819
1 0.506373
1 0.576878
1 0.543595
1 0.566879
1 0.528659
1 0.592829
1 0.537107
1 0.537050
1 0.589819
1 0.573486
1 0.522304
1 0.561252
1 0.561944
1 0.569037
1 0.529397
1 0.548750
1 0.529459
1 0.546598
1 0.562236
1 0.582486
1 0.533760
1 0.562208
1 0.487564
1 0.547318
1 0.538436
1 0.529103
1 0.570152
1 0.568945
1 0.518231
1 0.578738
1 0.518389
1 0.588188
1 0.589625
1 0.550195
1 0.548222
1 0.525301
1 0.565603
1 0.543286
1 0.550966
1 0.519235
1 0.575737
1 0.557110
1 0.536361
1 0.565202
1 0.540212
1 0.523585
1 0.532509
1 0.551004
1 0.558986
1 0.536152
1 0.570675
1 0.519405
1 0.559361
1 0.517367
1 0.553342
1 0.495440
1 0.575011
1 0.540712
1 0.578375
1 0.569137
1 0.495200
1 0.521550
1 0.583234
1 0.567598
1 0.479928
1 0.540110
1 0.530636
1 0.558575
1 0.577958
1 0.552640
1 0.570729
1 0.518951
1 0.502552
1 0.565384
1 0.543949
1 0.547861
1 0.582223
1 0.548358
1 0.548372
1 0.536866
1 0.561656
1 0.558649
1 0.518853
1 0.571435
1 0.574578
1 0.502467
1 0.568603
1 0.549771
1 0.585954
1 0.534648
1 0.531312
1 0.546607
1 0.512994
1 0.565597
1 0.546317
1 0.580680
1 0.592519
1 0.584833
1 0.542836
1 0.533758
1 0.567980
1 0.590476
1 0.559479
1 0.562461
1 0.561794
1 0.524830
1 0.544515
1 0.528513
1 0.502452
1 0.578700
1 0.538120
1 0.534722
1 0.581011
1 0.543145
1 0.561221
1 0.578614
1 0.555616
1 0.535562
1 0.570133
1 0.557698
1 0.538295
1 0.538372
1 0.521066
1 0.562577
1 0.537003
1 0.579308
1 0.554451
1 0.526535
1 0.494929
1 0.564122
1 0.584966
1 0.565252
1 0.517963
1 0.489783
1 0.521701
1 0.569672
1 0.560572
1 0.516206
1 0.558725
1 0.556716
1 0.543214
1 0.540120
1 0.544801
1 0.517979
1 0.534359
1 0.563421
1 0.586865
1 0.513413
1 0.592760
1 0.530958
1 0.550042
1 0.555352
1 0.549834
1 0.522858
1 0.565671
1 0.559658
1 0.577063
1 0.562720
1 0.531958
1 0.520032
1 0.520868
1 0.522074
1 0.550032
1 0.522007
1 0.546099
1 0.559620
1 0.532538
1 0.598917
1 0.527758
1 0.508759
1 0.555978
1 0.565880
1 0.534699
1 0.566856
1 0.582657
1 0.546722
1 0.574154
1 0.536116
1 0.529170
1 0.558035
1 0.566022
1 0.581699
1 0.552639
1 0.553716
1 0.593573
1 0.563760
1 0.573650
1 0.538683
1 0.546569
1 0.580540
1 0.539439
1 0.548183
1 0.524447
1 0.558525
1 0.575392
1 0.576541
1 0.553859
1 0.571049
1 0.537712
1 0.581634
1 0.549474
1 0.558954
1 0.514434
1 0.514053
1 0.526953
1 0.552678
1 0.536813
1 0.555297
1 0.562638
1 0.589516
1 0.584536
1 0.558127
1 0.543698
1 0.577587
1 0.543048
1 0.543583
1 0.539992
1 0.532217
1 0.554610
1 0.543399
1 0.550265
1 0.559008
1 0.568806
1 0.537885
1 0.570768
1 0.557727
1 0.568681
1 0.531819
1 0.574271
1 0.569347
1 0.539717
1 0.579542
1 0.519183
1 0.527160
1 0.521815
1 0.583213
1 0.561584
1 0.572306
1 0.576855
1 0.534055
1 0.529516
1 0.575166
1 0.562592
1 0.588714
1 0.551012
1 0.561593
1 0.513273
1 0.538286
1 0.522221
1 0.542567
1 0.527458
1 0.569866
1 0.517234
1 0.564119
1 0.531256
1 0.579849
1 0.531635
1 0.537505
1 0.556915
1 0.536165
1 0.582578
1 0.540659
1 0.542647
1 0.544826
1 0.529568
1 0.524368
1 0.556978
1 0.528420
1 0.552186
1 0.580055
1 0.549227
1 0.562926
1 0.535340
1 0.576238
1 0.532978
1 0.558807
1 0.538824
1 0.534612
1 0.528087
1 0.579410
1 0.565556
1 0.540872
1 0.560293
1 0.530995
1 0.548830
1 0.545418
1 0.548355
1 0.557318
1 0.566568
1 0.558338
1 0.545393
1 0.529965
1 0.564596
1 0.525970
1 0.564308
1 0.576807
1 0.532798
1 0.566782
1 0.528949
1 0.582211
1 0.570906
1 0.528596
1 0.559225
1 0.565013
1 0.491848
1 0.567132
1 0.510772
1 0.569043
1 0.554322
1 0.519389
1 0.512664
1 0.540236
1 0.544162
1 0.579415
1 0.519526
1 0.530723
1 0.582815
1 0.555754
1 0.555051
1 0.562249
1 0.563914
1 0.567485
1 0.557811
1 0.561471
1 0.574671
1 0.571948
1 0.547337
1 0.575430
1 0.562152
1 0.553993
1 0.605220
1 0.546458
1 0.538629
1 0.562024
1 0.539116
1 0.581028
1 0.579691
1 0.559035
1 0.570902
1 0.583029
1 0.553657
1 0.545721
1 0.549076
1 0.570283
1 0.532382
1 0.544988
1 0.574256
1 0.531297
1 0.537349
1 0.489264
1 0.507493
1 0.540453
1 0.570947
1 0.570971
1 0.564072
1 0.580148
1 0.545216
1 0.508055
1 0.561644
1 0.531965
1 0.557067
1 0.550468
1 0.573472
1 0.552125
1 0.549354
1 0.540825
1 0.558061
1 0.522904
1 0.555573
1 0.560723
1 0.520653
1 0.556662
1 0.530430
1 0.553452
1 0.580430
1 0.537440
1 0.523618
1 0.581919
1 0.583232
1 0.564116
1 0.562887
1 0.567477
1 0.566589
1 0.537690
1 0.587021
1 0.572282
1 0.531058
1 0.511084
1 0.574228
1 0.554634
1 0.573313
1 0.533631
1 0.536407
1 0.576232
1 0.531224
1 0.533815
1 0.547770
1 0.576068
1 0.555634
1 0.534621
1 0.551018
1 0.541624
1 0.541311
1 0.539650
1 0.519525
1 0.569467
1 0.562378
1 0.539936
1 0.547795
1 0.542765
1 0.574632
1 0.573112
1 0.530923
1 0.558803
1 0.566546
1 0.539650
1 0.522879
1 0.589157
1 0.590086
1 0.600881
1 0.544450
1 0.521663
1 0.575699
1 0.547255
1 0.565290
1 0.568746
1 0.534963
1 0.555323
1 0.536951
1 0.498491
1 0.519701
1 0.569100
1 0.569185
1 0.561740
1 0.528911
1 0.581385
1 0.538192
1 0.554225
1 0.579623
1 0.578348
1 0.516418
1 0.569092
1 0.504068
1 0.568628
1 0.525957
1 0.493009
1 0.555152
1 0.554299
1 0.600119
1 0.568065
1 0.538418
1 0.572993
1 0.527149
1 0.525309
1 0.575535
1 0.577856
1 0.520627
1 0.565067
1 0.561583
1 0.540530
1 0.534343
1 0.512644
1 0.546760
1 0.580972
1 0.549512
1 0.550367
1 0.522275
1 0.558885
1 0.581468
1 0.536988
1 0.563321
1 0.549548
1 0.566436
1 0.533683
1 0.565332
1 0.595142
1 0.559626
1 0.545248
1 0.546113
1 0.570596
1 0.490705
1 0.558791
1 0.579388
1 0.533079
1 0.568492
1 0.557677
1 0.569536
1 0.520322
1 0.558279
1 0.549389
1 0.556670
1 0.536608
1 0.569538
1 0.511493
1 0.579326
1 0.530370
1 0.540601
1 0.547142
1 0.554014
1 0.565506
1 0.510368
1 0.571996
1 0.570091
1 0.565928
1 0.607001
1 0.537799
1 0.543618
1 0.527933
1 0.514865
1 0.496532
1 0.560218
1 0.547108
1 0.558235
1 0.581755
1 0.556096
1 0.565597
1 0.516616
1 0.569070
1 0.591095
1 0.559795
1 0.532336
1 0.528100
1 0.526644
1 0.548664
1 0.582867
1 0.536107
1 0.573412
1 0.552119
1 0.514266
1 0.567883
1 0.556774
1 0.559570
1 0.566111
1 0.565679
1 0.581129
1 0.507663
1 0.587648
1 0.507065
1 0.533295
1 0.572917
1 0.550313
1 0.568207
1 0.563181
1 0.551253
1 0.511595
1 0.541102
1 0.562384
1 0.570560
1 0.575827
1 0.540257
1 0.575728
1 0.539696
1 0.552941
1 0.520832
1 0.551939
1 0.536814
1 0.546237
1 0.479686
1 0.516980
1 0.520379
1 0.556478
1 0.575178
1 0.545155
1 0.541141
1 0.559892
1 0.544374
1 0.549740
1 0.535163
1 0.589364
1 0.543429
1 0.561780
1 0.547751
1 0.574583
1 0.537778
1 0.585884
1 0.535934
1 0.535858
1 0.500988
1 0.541073
1 0.527670
1 0.551494
1 0.533305
1 0.541013
1 0.570635
1 0.578356
1 0.548888
1 0.558882
1 0.538200
1 0.515773
1 0.548254
1 0.545045
1 0.550590
1 0.588400
1 0.535625
1 0.565973
1 0.566538
1 0.550545
1 0.551860
1 0.519438
1 0.560036
1 0.517578
1 0.557955
1 0.553318
1 0.552633
1 0.553586
1 0.538333
1 0.564704
1 0.565517
1 0.580193
1 0.517929
1 0.530832
1 0.548337
1 0.529120
1 0.589655
1 0.526690
1 0.545400
1 0.578469
1 0.491628
1 0.564199
1 0.568234
1 0.524297
1 0.543999
1 0.546560
1 0.570934
1 0.537945
1 0.515383
1 0.550271
1 0.549886
1 0.586476
1 0.569405
1 0.550921
1 0.559068
1 0.537139
1 0.547654
1 0.518022
1 0.551871
1 0.537333
1 0.566118
1 0.540995
1 0.551693
1 0.582496
1 0.529722
1 0.537261
1 0.531902
1 0.542427
1 0.540500
1 0.540000
1 0.573856
1 0.527764
1 0.540082
1 0.558547
1 0.537620
1 0.549972
1 0.581056
1 0.541144
1 0.550506
1 0.566441
1 0.539338
1 0.564912
1 0.532162
1 0.554796
1 0.486796
1 0.551106
1 0.570566
1 0.530898
1 0.553006
1 0.552961
1 0.535315
1 0.536472
1 0.537478
1 0.559600
1 0.554822
1 0.552593
1 0.536798
1 0.531596
1 0.510945
1 0.511650
1 0.513730
1 0.504761
1 0.576435
1 0.579292
1 0.549858
1 0.567650
1 0.579251
1 0.545466
1 0.540332
1 0.516793
1 0.577182
1 0.547542
1 0.559008
1 0.561981
1 0.538981
1 0.517542
1 0.539465
1 0.546879
1 0.546353
1 0.527757
1 0.541621
1 0.546996
1 0.543138
1 0.591315
1 0.567653
1 0.560625
1 0.570726
1 0.574288
1 0.585424
1 0.550774
1 0.576613
1 0.564386
1 0.549526
1 0.495721
1 0.570699
1 0.549830
1 0.549718
1 0.578897
1 0.540506
1 0.557903
1 0.527849
1 0.556182
1 0.563122
1 0.570048
1 0.548926
1 0.606304
1 0.552702
1 0.562111
1 0.583689
1 0.540624
1 0.535087
1 0.565210
1 0.506459
1 0.557313
1 0.526066
1 0.572716
1 0.510955
1 0.522674
1 0.569143
1 0.557655
1 0.559603
1 0.567254
1 0.578744
1 0.566138
1 0.562074
1 0.516707
1 0.575937
1 0.558813
1 0.542724
1 0.585247
1 0.528338
1 0.560252
1 0.558709
1 0.504929
1 0.493257
1 0.533080
1 0.554237
1 0.563273
1 0.588621
1 0.554389
1 0.532642
1 0.542845
1 0.583154
1 0.552393
1 0.592319
1 0.501437
1 0.525266
1 0.537507
1 0.554001
1 0.542388
1 0.513844
1 0.585875
1 0.579731
1 0.541219
1 0.583949
1 0.555864
1 0.537407
1 0.531476
1 0.537124
1 0.493821
1 0.569309
1 0.578684
1 0.592588
1 0.551678
1 0.587400
1 0.549570
1 0.527329
1 0.562016
1 0.582231
1 0.579442
1 0.566768
1 0.526154
1 0.564612
1 0.547685
1 0.554396
1 0.556215
1 0.580733
1 0.533783
1 0.545981
1 0.558651
1 0.564833
1 0.574886
1 0.521717
1 0.493664
1 0.533689
1 0.561272
1 0.577707
1 0.517079
1 0.545409
1 0.527590
1 0.543146
1 0.544016
1 0.566692
1 0.547206
1 0.531674
1 0.542929
1 0.551410
1 0.543069
1 0.514626
1 0.500592
1 0.551377
1 0.551245
1 0.553927
1 0.578856
1 0.579154
1 0.548278
1 0.586439
1 0.574495
1 0.524463
1 0.550699
1 0.543439
1 0.569117
1 0.534967
1 0.507434
1 0.523702
1 0.589969
1 0.561157
1 0.509275
1 0.546700
1 0.516604
1 0.606964
1 0.507993
1 0.573848
1 0.557622
1 0.546358
1 0.601123
1 0.522014
1 0.573039
1 0.503576
1 0.569290
1 0.531404
1 0.527426
1 0.531918
1 0.536276
1 0.564090
1 0.516699
1 0.504548
1 0.573011
1 0.525271
1 0.579030
1 0.544024
1 0.520552
1 0.568913
1 0.545531
1 0.527338
1 0.535175
1 0.561472
1 0.523803
1 0.500308
1 0.525634
1 0.533180
1 0.555231
1 0.542201
1 0.551464
1 0.583699
1 0.514029
1 0.533085
1 0.544331
1 0.593439
1 0.534801
1 0.561418
1 0.570781
1 0.542113
1 0.561486
1 0.522703
1 0.550878
1 0.576221
1 0.580709
1 0.562771
1 0.506167
1 0.553040
1 0.544680
1 0.577612
1 0.551583
1 0.560937
1 0.547638
1 0.562976
1 0.508309
1 0.572954
1 0.542297
1 0.535666
1 0.522398
1 0.500406
1 0.560985
1 0.570790
1 0.503877
1 0.494317
1 0.532444
1 0.560905
1 0.590038
1 0.570432
1 0.579615
1 0.593106
1 0.555304
1 0.532221
1 0.588699
1 0.548125
1 0.569217
1 0.547039
1 0.574235
1 0.495670
1 0.499941
1 0.551153
1 0.570499
1 0.546086
1 0.575993
1 0.584744
1 0.569892
1 0.589199
1 0.539468
1 0.521351
1 0.575900
1 0.489069
1 0.562804
1 0.547039
1 0.519891
1 0.555059
1 0.547407
1 0.549602
1 0.567140
1 0.517942
1 0.542799
1 0.540163
1 0.552703
1 0.589108
1 0.500375
1 0.534917
1 0.527392
1 0.541451
1 0.511938
1 0.556992
1 0.541795
1 0.546204
1 0.540574
1 0.541261
1 0.532677
1 0.568982
1 0.542599
1 0.551558
1 0.537526
1 0.601247
1 0.525772
1 0.575350
1 0.575318
1 0.573266
1 0.546766
1 0.556696
1 0.497942
1 0.582081
1 0.535970
1 0.513103
1 0.515931
1 0.528192
1 0.585850
1 0.540877
1 0.544809
1 0.552841
1 0.512194
1 0.545831
1 0.552767
1 0.573181
1 0.527578
1 0.565048
1 0.576663
1 0.584230
1 0.589320
1 0.551418
1 0.542339
1 0.570006
1 0.572553
1 0.578061
1 0.542405
1 0.498218
1 0.533805
1 0.553163
1 0.569986
1 0.562592
1 0.537418
1 0.557915
1 0.496060
1 0.566872
1 0.551096
1 0.561585
1 0.556359
1 0.546888
1 0.564243
1 0.576690
1 0.569917
1 0.569561
1 0.537846
1 0.535340
1 0.570153
1 0.524436
1 0.565944
1 0.571397
1 0.578623
1 0.579161
1 0.543533
1 0.516592
1 0.555615
1 0.569928
1 0.556571
1 0.469062
1 0.571474
1 0.587667
1 0.559406
1 0.555482
1 0.559723
1 0.558864
1 0.553571
1 0.516732
1 0.534576
1 0.578845
1 0.533477
1 0.567529
1 0.561185
1 0.517738
1 0.530041
1 0.515857
1 0.569417
1 0.531477
1 0.557373
1 0.544568
1 0.583210
1 0.550673
1 0.551035
1 0.562961
1 0.528555
1 0.533276
1 0.520519
1 0.527905
1 0.537358
1 0.566569
1 0.540618
1 0.523798
1 0.592960
1 0.523100
1 0.565414
1 0.541941
1 0.524485
1 0.567932
1 0.560518
1 0.543780
1 0.574892
1 0.546266
1 0.542003
1 0.585409
1 0.579077
1 0.525730
1 0.550310
1 0.574391
1 0.609433
1 0.525995
1 0.575099
1 0.558894
1 0.526001
1 0.566347
1 0.599148
1 0.553654
1 0.556570
1 0.552799
1 0.514684
1 0.503315
1 0.515373
1 0.524840
1 0.576907
1 0.556524
1 0.614173
1 0.574646
1 0.559282
1 0.556954
1 0.544487
1 0.594243
1 0.562438
1 0.526244
1 0.533774
1 0.553096
1 0.572710
1 0.553072
1 0.597663
1 0.526843
1 0.571842
1 0.573749
1 0.545207
1 0.545671
1 0.563013
1 0.571364
1 0.556765
1 0.555801
1 0.517864
1 0.568875
1 0.534688
1 0.539483
1 0.579668
1 0.529847
1 0.570283
1 0.535416
1 0.493585
1 0.579156
1 0.579429
1 0.528891
1 0.569355
1 0.589900
1 0.537510
1 0.521982
1 0.605993
1 0.574874
1 0.565396
1 0.512031
1 0.520487
1 0.532594
1 0.549926
1 0.536570
1 0.571336
1 0.494265
1 0.567981
1 0.618013
1 0.532657
1 0.556393
1 0.535253
1 0.495139
1 0.582177
1 0.548569
1 0.522643
1 0.552080
1 0.544174
1 0.510301
1 0.549605
1 0.498447
1 0.522475
1 0.521168
1 0.554196
1 0.549550
1 0.527280
1 0.549620
1 0.593997
1 0.516030
1 0.487597
1 0.511118
1 0.516984
1 0.573495
1 0.576542
1 0.548397
1 0.525335
1 0.560567
1 0.532917
1 0.546733
1 0.574127
1 0.553351
1 0.539663
1 0.535898
1 0.538908
1 0.535781
1 0.544555
1 0.600629
1 0.542803
1 0.550376
1 0.557428
1 0.524281
1 0.607833
1 0.587295
1 0.539557
1 0.574276
1 0.553431
1 0.569856
1 0.560999
1 0.560663
1 0.497378
1 0.572294
1 0.504005
1 0.551752
1 0.538678
1 0.495978
1 0.532541
1 0.600550
1 0.561081
1 0.579636
1 0.524709
1 0.591177
1 0.519392
1 0.567777
1 0.522942
1 0.521167
1 0.548569
1 0.543022
1 0.555935
1 0.559771
1 0.589432
1 0.511062
1 0.589951
1 0.590214
1 0.550086
1 0.557192
1 0.517948
1 0.555939
1 0.545487
1 0.560698
1 0.576963
1 0.554112
1 0.581935
1 0.509266
1 0.559987
1 0.584979
1 0.513099
1 0.556422
1 0.561608
1 0.587002
1 0.552299
1 0.525207
1 0.549349
1 0.588366
1 0.579519
1 0.527349
1 0.563079
1 0.562374
1 0.553901
1 0.597345
1 0.541704
1 0.540384
1 0.542592
1 0.568065
1 0.547235
1 0.560523
1 0.574747
1 0.541201
1 0.537275
1 0.519051
1 0.594037
1 0.540344
1 0.540188
1 0.534648
1 0.564267
1 0.569111
1 0.583733
1 0.558122
1 0.543723
1 0.547865
1 0.562700
1 0.572650
1 0.563927
1 0.541623
1 0.571322
1 0.526183
1 0.517515
1 0.579367
1 0.568942
1 0.588687
1 0.544641
1 0.587002
1 0.479728
1 0.562447
1 0.559051
1 0.528610
1 0.562073
1 0.581786
1 0.557822
1 0.540119
1 0.561355
1 0.521648
1 0.542383
1 0.566662
1 0.563296
1 0.560465
1 0.532135
1 0.532901
1 0.578099
1 0.514226
1 0.539197
1 0.538392
1 0.541129
1 0.552913
1 0.544820
1 0.541356
1 0.551737
1 0.536035
1 0.560605
1 0.589954
1 0.572634
1 0.516084
1 0.506888
1 0.524079
1 0.567527
1 0.552381
1 0.540640
1 0.549103
1 0.543497
1 0.571650
1 0.570138
1 0.553314
1 0.560217
1 0.561048
1 0.570236
1 0.535493
1 0.511072
1 0.570235
1 0.549796
1 0.560587
1 0.554255
1 0.544210
1 0.549800
1 0.558617
1 0.504701
1 0.532965
1 0.537184
1 0.535567
1 0.564594
1 0.567197
1 0.564457
1 0.544915
1 0.519077
1 0.553677
1 0.579819
1 0.540958
1 0.570551
1 0.578338
1 0.535891
1 0.569340
1 0.577741
1 0.566927
1 0.523871
1 0.568649
1 0.566945
1 0.568000
1 0.524881
1 0.564692
1 0.564571
1 0.555730
1 0.553367
1 0.528545
1 0.520473
1 0.577913
1 0.563845
1 0.562698
1 0.568196
1 0.573220
1 0.534298
1 0.532944
1 0.542640
1 0.512412
1 0.539119
1 0.547301
1 0.486091
1 0.538634
1 0.523234
1 0.583982
1 0.562026
1 0.529815
1 0.495452
1 0.542344
1 0.553826
1 0.573535
1 0.538694
1 0.605597
1 0.526720
1 0.541156
1 0.576512
1 0.546797
1 0.567096
1 0.510626
1 0.568613
1 0.580755
1 0.562900
1 0.588325
1 0.555785
1 0.564230
1 0.584022
1 0.576464
1 0.542786
1 0.514068
1 0.504520
1 0.559297
1 0.536460
1 0.541303
1 0.567673
1 0.554308
1 0.571938
1 0.539136
1 0.547251
1 0.552515
1 0.570366
1 0.565487
1 0.552798
1 0.551194
1 0.523192
1 0.523421
1 0.558006
1 0.581747
1 0.567031
1 0.566664
1 0.533951
1 0.558010
1 0.583408
1 0.564238
1 0.595261
1 0.526143
1 0.494909
1 0.562386
1 0.569245
1 0.539507
1 0.551834
1 0.568439
1 0.536943
1 0.505980
1 0.547933
1 0.568223
1 0.532790
1 0.564939
1 0.581491
1 0.538627
1 0.523861
1 0.537637
1 0.572031
1 0.564004
1 0.566809
1 0.536472
1 0.550088
1 0.559887
1 0.567664
1 0.539158
1 0.535742
1 0.566651
1 0.507122
1 0.559284
1 0.566233
1 0.524720
1 0.555234
1 0.510217
1 0.555652
1 0.539091
1 0.581056
1 0.529336
1 0.492750
1 0.541275
1 0.523468
1 0.518445
1 0.519359
1 0.556817
1 0.529067
1 0.575456
1 0.579051
1 0.582373
1 0.541917
1 0.529085
1 0.543969
1 0.571597
1 0.580521
1 0.580004
1 0.582427
1 0.568305
1 0.576262
1 0.572874
1 0.545331
1 0.581980
1 0.529268
1 0.542973
1 0.551287
1 0.561709
1 0.593154
1 0.544958
1 0.554692
1 0.557868
1 0.547870
1 0.548903
1 0.501223
1 0.532639
1 0.580986
1 0.509423
1 0.558150
1 0.587493
1 0.514705
1 0.557993
1 0.553627
1 0.513066
1 0.559139
1 0.500756
1 0.533366
1 0.545012
1 0.520372
1 0.571963
1 0.586671
1 0.519961
1 0.574255
1 0.539588
1 0.576732
1 0.579222
1 0.537656
1 0.575924
1 0.586863
1 0.576010
1 0.518861
1 0.532957
1 0.575475
1 0.588442
1 0.581699
1 0.541898
1 0.586909
1 0.558059
1 0.526219
1 0.523726
1 0.565720
1 0.559019
1 0.569319
1 0.534412
1 0.547127
1 0.556320
1 0.540660
1 0.563336
1 0.590436
1 0.596903
1 0.589738
1 0.589808
1 0.513363
1 0.559458
1 0.539848
1 0.547197
1 0.511713
1 0.562185
1 0.550175
1 0.558635
1 0.490646
1 0.536437
1 0.525269
1 0.548226
1 0.540182
1 0.561232
1 0.569892
1 0.578144
1 0.542354
1 0.581672
1 0.516130
1 0.505080
1 0.565977
1 0.472153
1 0.518050
1 0.602097
1 0.538961
1 0.567918
1 0.572905
1 0.562324
1 0.530273
1 0.529081
1 0.564668
1 0.539953
1 0.569896
1 0.548953
1 0.531474
1 0.565573
1 0.527073
1 0.560689
1 0.571898
1 0.558296
1 0.510418
1 0.545036
1 0.539893
1 0.563378
1 0.559537
1 0.567495
1 0.537257
1 0.526459
1 0.555779
1 0.547775
1 0.565373
1 0.506273
1 0.540498
1 0.563443
1 0.606787
1 0.532169
1 0.558674
1 0.530789
1 0.556450
1 0.534944
1 0.565804
1 0.506214
1 0.591647
1 0.551153
1 0.566672
1 0.523001
1 0.564453
1 0.537953
1 0.531622
1 0.554593
1 0.531533
1 0.563776
1 0.525168
1 0.587765
1 0.569036
1 0.530802
1 0.553287
1 0.544699
1 0.552498
1 0.508149
1 0.524131
1 0.536142
1 0.527089
1 0.542212
1 0.544170
1 0.526805
1 0.538179
1 0.570591
1 0.546048
1 0.561066
1 0.537006
1 0.531555
1 0.543877
1 0.520662
1 0.516491
1 0.542363
1 0.557557
1 0.585299
1 0.550218
1 0.538656
1 0.558608
1 0.529612
1 0.552294
1 0.563193
1 0.501786
1 0.515105
1 0.539677
1 0.556540
1 0.551575
1 0.565077
1 0.548335
1 0.593699
1 0.571100
1 0.563786
1 0.574157
1 0.587939
1 0.566577
1 0.570468
1 0.517307
1 0.542661
1 0.505312
1 0.568937
1 0.538591
1 0.534931
1 0.531675
1 0.560244
1 0.516447
1 0.619976
1 0.552928
1 0.574965
1 0.548305
1 0.530689
1 0.531123
1 0.576225
1 0.560873
1 0.532449
1 0.532799
1 0.558194
1 0.532110
1 0.525158
1 0.543861
1 0.528988
1 0.526293
1 0.538346
1 0.572822
1 0.595951
1 0.559589
1 0.535773
1 0.582066
1 0.519697
1 0.541952
1 0.582842
1 0.528867
1 0.538985
1 0.571204
1 0.572500
1 0.528797
1 0.555042
1 0.570788
1 0.563640
1 0.515883
1 0.555528
1 0.561249
1 0.543483
1 0.568694
1 0.548677
1 0.523888
1 0.584283
1 0.540088
1 0.613125
1 0.576999
1 0.546393
1 0.564992
1 0.561792
1 0.550569
1 0.517732
1 0.511935
1 0.577886
1 0.542647
1 0.541389
1 0.581084
1 0.576561
1 0.558223
1 0.525174
1 0.530370
1 0.534626
1 0.588690
1 0.600575
1 0.560317
1 0.564610
1 0.556634
1 0.563608
1 0.578910
1 0.571795
1 0.606805
1 0.560360
1 0.565299
1 0.537459
1 0.588850
1 0.570232
1 0.554877
1 0.572678
1 0.543175
1 0.583479
1 0.565191
1 0.520335
1 0.561317
1 0.530074
1 0.526822
1 0.518885
1 0.539969
1 0.582097
1 0.539305
1 0.508508
1 0.569029
1 0.572134
1 0.552538
1 0.568643
1 0.558989
1 0.521729
1 0.558875
1 0.603394
1 0.569069
1 0.551410
1 0.526850
1 0.549823
1 0.577365
1 0.559987
1 0.539942
1 0.551264
1 0.545096
1 0.557015
1 0.545800
1 0.517390
1 0.535886
1 0.543207
1 0.535216
1 0.566681
1 0.543160
1 0.555800
1 0.532600
1 0.554274
1 0.562641
1 0.517651
1 0.546250
1 0.579822
1 0.538536
1 0.556739
1 0.524071
1 0.548880
1 0.555248
1 0.549899
1 0.559955
1 0.542761
1 0.538282
1 0.531729
1 0.538856
1 0.542271
1 0.570428
1 0.598334
1 0.527657
1 0.547617
1 0.525100
1 0.520033
1 0.559876
1 0.554188
1 0.537486
1 0.565981
1 0.569754
1 0.555843
1 0.551512
1 0.527002
1 0.583460
1 0.560407
1 0.566432
1 0.546820
1 0.530520
1 0.556813
1 0.561020
1 0.519007
1 0.559067
1 0.520660
1 0.581373
1 0.545217
1 0.533412
1 0.563496
1 0.587558
1 0.546430
1 0.526779
1 0.557067
1 0.572372
1 0.570079
1 0.554730
1 0.525825
1 0.543844
1 0.503948
1 0.564915
1 0.490178
1 0.546575
1 0.576774
1 0.517745
1 0.522572
1 0.595011
1 0.547328
1 0.557081
1 0.571362
1 0.568284
1 0.552809
1 0.563719
1 0.525843
1 0.575338
1 0.623021
1 0.530320
1 0.533648
1 0.560338
1 0.539511
1 0.561957
1 0.565861
1 0.549632
1 0.550070
1 0.599106
1 0.514088
1 0.507246
1 0.579959
1 0.573871
1 0.545599
1 0.524904
1 0.567672
1 0.542819
1 0.600295
1 0.523469
1 0.556125
1 0.544998
1 0.571867
1 0.555705
1 0.515759
1 0.532224
1 0.545662
1 0.563478
1 0.554529
1 0.580237
1 0.546312
1 0.551047
1 0.575282
1 0.554324
1 0.559470
1 0.536420
1 0.584441
1 0.578613
1 0.546205
1 0.533934
1 0.557384
1 0.560560
1 0.554877
1 0.568737
1 0.578801
1 0.521638
1 0.552320
1 0.536488
1 0.575577
1 0.546531
1 0.528707
1 0.532989
1 0.551009
1 0.567003
1 0.507867
1 0.565617
1 0.567049
1 0.548845
1 0.536224
1 0.549289
1 0.556832
1 0.578640
1 0.564250
1 0.571801
1 0.540308
1 0.568162
1 0.531493
1 0.578796
1 0.488424
1 0.553420
1 0.534874
1 0.549750
1 0.500452
1 0.520872
1 0.540229
1 0.568817
1 0.562208
1 0.548901
1 0.552435
1 0.537682
1 0.580294
1 0.534462
1 0.573558
1 0.591823
1 0.582110
1 0.527181
1 0.571489
1 0.582592
1 0.548381
1 0.556024
1 0.552623
1 0.549530
1 0.512027
1 0.561391
1 0.550903
1 0.550345
1 0.578886
1 0.551412
1 0.577537
1 0.528967
1 0.538283
1 0.509668
1 0.561253
1 0.603010
1 0.563750
1 0.588293
1 0.557452
1 0.556749
1 0.545097
1 0.509637
1 0.558252
1 0.568024
1 0.592530
1 0.542652
1 0.549827
1 0.550074
1 0.519575
1 0.546467
1 0.538499
1 0.531552
1 0.557039
1 0.563431
1 0.581146
1 0.541333
1 0.542300
1 0.544245
1 0.560017
1 0.524341
1 0.573885
1 0.522894
1 0.560414
1 0.568747
1 0.545393
1 0.556091
1 0.564057
1 0.546038
1 0.518159
1 0.521031
1 0.554258
1 0.536115
1 0.560573
1 0.592124
1 0.529741
1 0.575357
1 0.541427
1 0.546504
1 0.560703
1 0.571232
1 0.497708
1 0.577323
1 0.544039
1 0.563682
1 0.549815
1 0.564878
1 0.534843
1 0.578098
1 0.570623
1 0.559878
1 0.559398
1 0.573607
1 0.555217
1 0.552238
1 0.562683
1 0.587409
1 0.558031
1 0.567498
1 0.551066
1 0.516041
1 0.574210
1 0.573471
1 0.527510
1 0.530461
1 0.546631
1 0.532936
1 0.530338
1 0.507001
1 0.536410
1 0.571658
1 0.531145
1 0.533707
1 0.567281
1 0.557139
1 0.576519
1 0.567818
1 0.511579
1 0.563517
1 0.578303
1 0.503613
1 0.522489
1 0.525910
1 0.562201
1 0.583007
1 0.539093
1 0.578361
1 0.579616
1 0.565759
1 0.565641
1 0.566376
1 0.577556
1 0.520473
1 0.534741
1 0.561692
1 0.540570
1 0.559996
1 0.556694
1 0.590611
1 0.528568
1 0.543606
1 0.546456
1 0.571194
1 0.556384
1 0.577980
1 0.556189
1 0.521662
1 0.536620
1 0.505710
1 0.575010
1 0.559684
1 0.575940
1 0.587312
1 0.576941
1 0.569019
1 0.600869
1 0.579205
1 0.547973
1 0.541521
1 0.546481
1 0.550143
1 0.516602
1 0.546244
1 0.570842
1 0.554986
1 0.539402
1 0.547031
1 0.536381
1 0.548966
1 0.532091
1 0.546845
1 0.472850
1 0.590724
1 0.586510
1 0.550316
1 0.553145
1 0.593471
1 0.566781
1 0.563156
1 0.550734
1 0.552999
1 0.562154
1 0.508734
1 0.530366
1 0.526553
1 0.572478
1 0.554304
1 0.516805
1 0.543994
1 0.565619
1 0.534643
1 0.554660
1 0.547670
1 0.543082
1 0.556229
1 0.511494
1 0.564044
1 0.563972
1 0.591932
1 0.529203
1 0.581666
1 0.545152
1 0.541121
1 0.585468
1 0.525343
1 0.572330
1 0.520661
1 0.561181
1 0.563576
1 0.515531
1 0.579334
1 0.568672
1 0.569053
1 0.548619
1 0.550216
1 0.561551
1 0.565116
1 0.522171
1 0.571651
1 0.548981
1 0.548497
1 0.560225
1 0.577236
1 0.500436
1 0.564825
1 0.529708
1 0.562125
1 0.548274
1 0.527123
1 0.557943
1 0.560897
1 0.506909
1 0.545377
1 0.587985
1 0.582517
1 0.553683
1 0.537642
1 0.577302
1 0.565318
1 0.540719
1 0.556070
1 0.577048
1 0.568962
1 0.539240
1 0.539753
1 0.540735
1 0.569896
1 0.552885
1 0.561402
1 0.489367
1 0.589893
1 0.565762
1 0.566982
1 0.558300
1 0.570203
1 0.572265
1 0.554223
1 0.534297
1 0.557197
1 0.561945
1 0.514242
1 0.542633
1 0.512621
1 0.546360
1 0.534688
1 0.574501
1 0.550569
1 0.557514
1 0.568277
1 0.554794
1 0.545150
1 0.583097
1 0.545474
1 0.569779
1 0.546378
1 0.507479
1 0.564331
1 0.559172
1 0.590016
1 0.510609
1 0.566717
1 0.535740
1 0.574276
1 0.544445
1 0.533644
1 0.560610
1 0.561757
1 0.553847
1 0.576030
1 0.573434
1 0.570836
1 0.552309
1 0.540781
1 0.532612
1 0.581721
1 0.550824
1 0.535720
1 0.563449
1 0.539546
1 0.597105
