0 0.000200
0 0.002568
0 0.000454
0 0.002110
0 0.019390
0 0.014245
0 0.002764
0 0.010642
0 0.008059
0 0.020831
0 0.203352
0 0.285030
0 0.010226
0 0.009452
0 0.026199
0 0.008781
0 0.033999
0 0.000644
0 0.007796
0 0.022578
0 0.000313
0 0.001073
0 0.004567
0 0.006450
0 0.087487
0 0.012541
0 0.005599
0 0.002175
0 0.003786
0 0.010718
0 0.011489
0 0.039814
0 0.013771
0 0.005237
0 0.009165
0 0.003163
0 0.003103
0 0.021588
0 0.025610
0 0.000901
0 0.005264
0 0.005829
0 0.001608
0 0.005209
0 0.013167
0 0.018343
0 0.093961
0 0.111889
0 0.006050
0 0.186547
0 0.000768
0 0.002801
0 0.003674
0 0.002765
0 0.016559
0 0.027401
0 0.001149
0 0.000316
0 0.001159
0 0.025961
0 0.022605
0 0.027471
0 0.022026
0 0.019533
0 0.005804
0 0.033581
0 0.020784
0 0.001109
0 0.001334
0 0.001278
0 0.003579
0 0.002737
0 0.007914
0 0.003252
0 0.002922
0 0.001935
0 0.002406
0 0.032425
0 0.028107
0 0.016676
0 0.001549
0 0.042579
0 0.039020
0 0.004494
0 0.003015
0 0.002830
0 0.009652
0 0.004799
0 0.009282
0 0.002208
0 0.099193
0 0.000525
0 0.004831
0 0.040261
0 0.032226
0 0.031582
0 0.003956
0 0.006137
0 0.005840
0 0.000568
0 0.248003
0 0.008937
0 0.082687
0 0.029585
0 0.000795
0 0.015986
0 0.421908
0 0.002027
0 0.015668
0 0.001257
0 0.000251
0 0.000289
0 0.004787
0 0.000420
0 0.249461
0 0.000205
0 0.009570
0 0.003053
0 0.006911
0 0.005956
0 0.040897
0 0.001191
0 0.020203
0 0.014741
0 0.001420
0 0.256855
0 0.007352
0 0.014304
0 0.036837
0 0.006637
0 0.004565
0 0.088868
0 0.002187
0 0.004767
0 0.025314
0 0.008286
0 0.027368
0 0.019014
0 0.000379
0 0.003104
0 0.010107
0 0.001685
0 0.009691
0 0.012094
0 0.088466
0 0.002822
0 0.001402
0 0.005449
0 0.013060
0 0.000503
0 0.010675
0 0.181716
0 0.002155
0 0.004938
0 0.105831
0 0.004645
0 0.006309
0 0.001903
0 0.005954
0 0.007221
0 0.004970
0 0.006663
0 0.003409
0 0.046146
0 0.015252
0 0.005656
0 0.124198
0 0.001466
0 0.696993
0 0.008675
0 0.006335
0 0.017184
0 0.003656
0 0.004037
0 0.000492
0 0.004368
0 0.006981
0 0.002036
0 0.008267
0 0.003719
0 0.011718
0 0.000636
0 0.060136
0 0.002502
0 0.009567
0 0.010682
0 0.072682
0 0.003607
0 0.001701
0 0.007610
0 0.014774
0 0.004723
0 0.008191
0 0.003151
0 0.007659
0 0.007941
0 0.014555
0 0.002983
0 0.000338
0 0.035453
0 0.003760
0 0.004989
0 0.001912
0 0.545903
0 0.017136
0 0.007463
0 0.040734
0 0.058072
0 0.023585
0 0.137899
0 0.047366
0 0.003352
0 0.004200
0 0.005983
0 0.002462
0 0.011606
0 0.010867
0 0.007539
0 0.004987
0 0.011407
0 0.005673
0 0.020854
0 0.335562
0 0.010726
0 0.003125
0 0.000757
0 0.001102
0 0.002463
0 0.021432
0 0.001287
0 0.016030
0 0.026905
0 0.009732
0 0.007283
0 0.060746
0 0.001632
0 0.062788
0 0.036097
0 0.036198
0 0.444166
0 0.036008
0 0.000253
0 0.024451
0 0.015492
0 0.010011
0 0.023467
0 0.007026
0 0.000089
0 0.004005
0 0.006649
0 0.050209
0 0.000482
0 0.000630
0 0.004605
0 0.004533
0 0.009999
0 0.010243
0 0.009091
0 0.004377
0 0.025366
0 0.005581
0 0.002116
0 0.011349
0 0.004784
0 0.024161
0 0.004845
0 0.013290
0 0.030186
0 0.014722
0 0.000864
0 0.184354
0 0.007980
0 0.007807
0 0.008294
0 0.017843
0 0.000618
0 0.003590
0 0.003796
0 0.090443
0 0.000914
0 0.002712
0 0.001415
0 0.016329
0 0.006596
0 0.014960
0 0.002084
0 0.008959
0 0.007532
0 0.000499
0 0.001844
0 0.002908
0 0.047806
0 0.004322
0 0.000774
0 0.003125
0 0.001116
0 0.003416
0 0.001137
0 0.001694
0 0.000947
0 0.014854
0 0.004902
0 0.004849
0 0.001910
0 0.008848
0 0.011167
0 0.002091
0 0.001740
0 0.012412
0 0.003731
0 0.001838
0 0.024215
0 0.034535
0 0.009474
0 0.001998
0 0.005944
0 0.000782
0 0.014337
0 0.079724
0 0.017962
0 0.068300
0 0.001060
0 0.003835
0 0.003205
0 0.013951
0 0.000852
0 0.009635
0 0.003284
0 0.018669
0 0.144415
0 0.003165
0 0.002949
0 0.049805
0 0.003365
0 0.048420
0 0.009523
0 0.001105
0 0.000632
0 0.081796
0 0.028190
0 0.002774
0 0.000633
0 0.002284
0 0.015489
0 0.003419
0 0.036473
0 0.001365
0 0.013190
0 0.020925
0 0.007588
0 0.008604
0 0.002311
0 0.004899
0 0.033984
0 0.006569
0 0.001983
0 0.004897
0 0.001870
0 0.001536
0 0.008329
0 0.000715
0 0.002791
0 0.065669
0 0.030693
0 0.003797
0 0.037534
0 0.005635
0 0.016199
0 0.000422
0 0.090190
0 0.006506
0 0.005822
0 0.000253
0 0.012240
0 0.018112
0 0.591530
0 0.005357
0 0.000313
0 0.018847
0 0.007751
0 0.000623
0 0.003455
0 0.007457
0 0.018417
0 0.000680
0 0.003771
0 0.148571
0 0.010158
0 0.005059
0 0.000551
0 0.000223
0 0.000497
0 0.031551
0 0.006038
0 0.031249
0 0.010383
0 0.005856
0 0.000055
0 0.006013
0 0.025964
0 0.019908
0 0.009202
0 0.009602
0 0.113966
0 0.004289
0 0.000365
0 0.008311
0 0.000193
0 0.140911
0 0.005234
0 0.045258
0 0.016004
0 0.004962
0 0.000662
0 0.039770
0 0.000848
0 0.004860
0 0.016909
0 0.004285
0 0.005871
0 0.001275
0 0.006856
0 0.008941
0 0.024572
0 0.209613
0 0.010048
0 0.002414
0 0.014208
0 0.012668
0 0.009049
0 0.000894
0 0.009428
0 0.010279
0 0.022905
0 0.008390
0 0.028856
0 0.039790
0 0.000378
0 0.002752
0 0.009819
0 0.001506
0 0.007347
0 0.000421
0 0.073582
0 0.222076
0 0.002399
0 0.015669
0 0.017561
0 0.007779
0 0.001297
0 0.068489
0 0.016325
0 0.002560
0 0.041112
0 0.010123
0 0.022658
0 0.010258
0 0.009836
0 0.001179
0 0.007649
0 0.004001
0 0.000428
0 0.051997
0 0.035432
0 0.300575
0 0.007990
0 0.000354
0 0.000942
0 0.000539
0 0.109668
0 0.002268
0 0.004987
0 0.126301
0 0.002613
0 0.032275
0 0.166709
0 0.000874
0 0.065348
0 0.005067
0 0.007586
0 0.002624
0 0.003604
0 0.002524
0 0.049762
0 0.000632
0 0.002576
0 0.017799
0 0.023483
0 0.002981
0 0.015864
0 0.024722
0 0.021349
0 0.016656
0 0.002151
0 0.066898
0 0.004699
0 0.000640
0 0.002769
0 0.103847
0 0.004580
0 0.090115
0 0.010908
0 0.004685
0 0.027888
0 0.118075
0 0.006591
0 0.006549
0 0.000645
0 0.346559
0 0.009097
0 0.032002
0 0.021298
0 0.024118
0 0.002002
0 0.020069
0 0.040648
0 0.014841
0 0.019380
0 0.020088
0 0.025209
0 0.047407
0 0.004614
0 0.003697
0 0.013227
0 0.014682
0 0.003422
0 0.023402
0 0.013958
0 0.004265
0 0.018543
0 0.020175
0 0.000280
0 0.032044
0 0.000511
0 0.000616
0 0.011820
0 0.031381
0 0.006746
0 0.005778
0 0.004452
0 0.003428
0 0.000234
0 0.009345
0 0.006534
0 0.006104
0 0.002397
0 0.033616
0 0.404788
0 0.001725
0 0.019134
0 0.055035
0 0.125158
0 0.002151
0 0.088422
0 0.043857
0 0.051488
0 0.004058
0 0.004018
0 0.041945
0 0.002023
0 0.002866
0 0.005867
0 0.020172
0 0.000882
0 0.206993
0 0.060132
0 0.033450
0 0.004653
0 0.136025
0 0.004794
0 0.005692
0 0.002225
0 0.009895
0 0.009581
0 0.008521
0 0.013223
0 0.064517
0 0.005274
0 0.018115
0 0.001066
0 0.020975
0 0.003367
0 0.007034
0 0.000980
0 0.098439
0 0.047087
0 0.009198
0 0.003030
0 0.045432
0 0.020381
0 0.002612
0 0.043017
0 0.001856
0 0.006145
0 0.000641
0 0.001537
0 0.002610
0 0.010106
0 0.005426
0 0.001182
0 0.012299
0 0.007170
0 0.009017
0 0.015451
0 0.005401
0 0.008821
0 0.021966
0 0.003281
0 0.003319
0 0.011015
0 0.024247
0 0.000266
0 0.008890
0 0.009011
0 0.022075
0 0.003245
0 0.006169
0 0.066578
0 0.005890
0 0.003319
0 0.006734
0 0.120199
0 0.108912
0 0.002916
0 0.001266
0 0.004764
0 0.002290
0 0.013739
0 0.000067
0 0.008793
0 0.002124
0 0.017184
0 0.000812
0 0.040980
0 0.001650
0 0.010602
0 0.000496
0 0.021077
0 0.007089
0 0.035564
0 0.004011
0 0.004729
0 0.001254
0 0.000693
0 0.001705
0 0.003267
0 0.001492
0 0.009481
0 0.015697
0 0.005033
0 0.019893
0 0.064339
0 0.010752
0 0.000928
0 0.049611
0 0.135566
0 0.011824
0 0.001946
0 0.000887
0 0.013517
0 0.011103
0 0.030854
0 0.003102
0 0.000804
0 0.002786
0 0.003602
0 0.005959
0 0.020227
0 0.004334
0 0.006955
0 0.017875
0 0.015112
0 0.004035
0 0.028641
0 0.001202
0 0.018260
0 0.001931
0 0.036140
0 0.007523
0 0.016375
0 0.006968
0 0.002563
0 0.025081
0 0.026477
0 0.005131
0 0.005574
0 0.002428
0 0.023497
0 0.041527
0 0.000883
0 0.004264
0 0.070578
0 0.004189
0 0.007288
0 0.001004
0 0.001331
0 0.002193
0 0.068952
0 0.003805
0 0.018878
0 0.086952
0 0.000055
0 0.063718
0 0.001628
0 0.017332
0 0.001100
0 0.000640
0 0.006185
0 0.000911
0 0.006537
0 0.000924
0 0.050592
0 0.048350
0 0.006564
0 0.238202
0 0.009004
0 0.011758
0 0.002397
0 0.025933
0 0.013892
0 0.007709
0 0.005036
0 0.000738
0 0.012425
0 0.019969
0 0.007806
0 0.011146
0 0.080475
0 0.000248
0 0.067463
0 0.006227
0 0.011182
0 0.025874
0 0.005754
0 0.010931
0 0.002086
0 0.004055
0 0.003214
0 0.004938
0 0.008174
0 0.018378
0 0.002408
0 0.001883
0 0.013789
0 0.032653
0 0.029631
0 0.019322
0 0.002734
0 0.000817
0 0.016680
0 0.029659
0 0.001466
0 0.011865
0 0.001934
0 0.001131
0 0.078478
0 0.001389
0 0.001206
0 0.088607
0 0.001381
0 0.011645
0 0.133448
0 0.007745
0 0.004803
0 0.006554
0 0.008406
0 0.040232
0 0.000906
0 0.005189
0 0.001095
0 0.001782
0 0.184994
0 0.004183
0 0.001024
0 0.003649
0 0.008154
0 0.007791
0 0.009280
0 0.082191
0 0.260866
0 0.012276
0 0.010656
0 0.005648
0 0.007651
0 0.024760
0 0.025576
0 0.016024
0 0.004676
0 0.009964
0 0.000549
0 0.016906
0 0.009873
0 0.005739
0 0.000536
0 0.020883
0 0.012483
0 0.020414
0 0.001103
0 0.000907
0 0.221649
0 0.009316
0 0.008866
0 0.069925
0 0.003943
0 0.041077
0 0.006538
0 0.000613
0 0.021226
0 0.000818
0 0.002396
0 0.085016
0 0.003368
0 0.002234
0 0.007162
0 0.010537
0 0.006975
0 0.020051
0 0.001327
0 0.001999
0 0.002074
0 0.003808
0 0.050347
0 0.004891
0 0.001255
0 0.001268
0 0.002734
0 0.009580
0 0.004847
0 0.001017
0 0.007906
0 0.011542
0 0.003075
0 0.020386
0 0.002721
0 0.056261
0 0.003496
0 0.101770
0 0.006397
0 0.004011
0 0.035471
0 0.155247
0 0.010474
0 0.000938
0 0.025115
0 0.000233
0 0.000775
0 0.008468
0 0.003066
0 0.002816
0 0.002315
0 0.003627
0 0.003040
0 0.007425
0 0.148468
0 0.016566
0 0.005665
0 0.000088
0 0.006291
0 0.054417
0 0.017219
0 0.002927
0 0.004044
0 0.003416
0 0.008948
0 0.030809
0 0.006639
0 0.007507
0 0.016388
0 0.008858
0 0.005841
0 0.000703
0 0.000648
0 0.051996
0 0.000885
0 0.004178
0 0.001881
0 0.058136
0 0.001364
0 0.002160
0 0.045070
0 0.000786
0 0.011979
0 0.006771
0 0.061420
0 0.032810
0 0.004972
0 0.000429
0 0.001698
0 0.011512
0 0.086975
0 0.020518
0 0.005046
0 0.005053
0 0.005935
0 0.009471
0 0.000598
0 0.007047
0 0.002446
0 0.022410
0 0.004369
0 0.053774
0 0.001606
0 0.022906
0 0.001162
0 0.006026
0 0.085751
0 0.001222
0 0.011425
0 0.005594
0 0.006236
0 0.018476
0 0.006262
0 0.005757
0 0.000770
0 0.124627
0 0.005360
0 0.000090
0 0.001839
0 0.015517
0 0.000877
0 0.038022
0 0.021653
0 0.055168
0 0.001292
0 0.004222
0 0.002270
0 0.014296
0 0.004479
0 0.005789
0 0.012825
0 0.018690
0 0.012253
0 0.001066
0 0.010852
0 0.007170
0 0.044349
0 0.002630
0 0.004418
0 0.192144
0 0.004612
0 0.025562
0 0.004108
0 0.638802
0 0.020425
0 0.003447
0 0.002812
0 0.159725
0 0.154812
0 0.000613
0 0.098650
0 0.006328
0 0.020986
0 0.002941
0 0.011676
0 0.056921
0 0.011079
0 0.012027
0 0.001291
0 0.000422
0 0.005680
0 0.017270
0 0.222835
0 0.004584
0 0.018726
0 0.014629
0 0.000720
0 0.003055
0 0.007452
0 0.000843
0 0.001504
0 0.015023
0 0.007530
0 0.485159
0 0.000168
0 0.002161
0 0.002612
0 0.001568
0 0.008952
0 0.005210
0 0.012095
0 0.004456
0 0.028068
0 0.002672
0 0.002649
0 0.008858
0 0.005484
0 0.003335
0 0.071645
0 0.015154
0 0.013191
0 0.001866
0 0.014228
0 0.012423
0 0.000101
0 0.006086
0 0.002357
0 0.011990
0 0.001144
0 0.002462
0 0.002321
0 0.007545
0 0.000975
0 0.005645
0 0.010879
0 0.005435
0 0.004170
0 0.037975
0 0.168328
0 0.022866
0 0.033836
0 0.007546
0 0.013702
0 0.037673
0 0.008188
0 0.001358
0 0.001311
0 0.021507
0 0.006827
0 0.010338
0 0.008397
0 0.024229
0 0.002987
0 0.008081
0 0.051087
0 0.003298
0 0.002700
0 0.006580
0 0.013015
0 0.017553
0 0.015370
0 0.025251
0 0.004067
0 0.013611
0 0.007348
0 0.003750
0 0.013334
0 0.002422
0 0.014578
0 0.015178
0 0.033774
0 0.006879
0 0.001096
0 0.003498
0 0.001546
0 0.002271
0 0.045926
0 0.008753
0 0.003999
0 0.007706
0 0.001941
0 0.018721
0 0.028306
0 0.000224
0 0.001469
0 0.018867
0 0.002250
0 0.000376
0 0.000599
0 0.005609
0 0.022489
0 0.000656
0 0.001303
0 0.002777
0 0.025878
0 0.001781
0 0.000950
0 0.003418
0 0.001186
0 0.034051
0 0.001603
0 0.262855
0 0.000712
0 0.000223
0 0.026037
0 0.012311
0 0.028443
0 0.058195
0 0.023161
0 0.016822
0 0.002714
0 0.010120
0 0.041598
0 0.019675
0 0.081569
0 0.011795
0 0.017923
0 0.013116
0 0.000794
0 0.021163
0 0.011214
0 0.000751
0 0.002626
0 0.290002
0 0.014150
0 0.004453
0 0.008751
0 0.067943
0 0.007348
0 0.049578
0 0.001203
0 0.041944
0 0.010715
0 0.005548
0 0.007288
0 0.001512
0 0.012370
0 0.005396
0 0.033256
0 0.002920
0 0.012016
0 0.004458
0 0.005394
0 0.004451
0 0.008009
0 0.000721
0 0.000742
0 0.003996
0 0.062034
0 0.001609
0 0.002525
0 0.009648
0 0.110510
0 0.040009
0 0.174387
0 0.008278
0 0.049313
0 0.002592
0 0.001853
0 0.000592
0 0.023253
0 0.002481
0 0.005095
0 0.004147
0 0.004533
0 0.001941
0 0.004301
0 0.007527
0 0.002402
0 0.059544
0 0.019687
0 0.008916
0 0.001449
0 0.584700
0 0.002982
0 0.005317
0 0.002548
0 0.004969
0 0.003609
0 0.000767
0 0.000212
0 0.019864
0 0.014598
0 0.042429
0 0.010050
0 0.008108
0 0.023660
0 0.006229
0 0.023660
0 0.003465
0 0.014480
0 0.025286
0 0.061213
0 0.001218
0 0.001996
0 0.003573
0 0.009175
0 0.002653
0 0.002831
0 0.000942
0 0.005685
0 0.013613
0 0.003828
0 0.000375
0 0.012774
0 0.029686
0 0.000564
0 0.003412
0 0.000133
0 0.044846
0 0.005407
0 0.022419
0 0.131464
0 0.000196
0 0.024413
0 0.108404
0 0.003116
0 0.000627
0 0.001091
0 0.005993
0 0.003944
0 0.019057
0 0.001800
0 0.919289
0 0.043314
0 0.009064
0 0.009628
0 0.006934
0 0.002246
0 0.005547
0 0.001518
0 0.008906
0 0.006279
0 0.002014
0 0.005837
0 0.006803
0 0.003969
0 0.002817
0 0.007673
0 0.009551
0 0.020553
0 0.029557
0 0.011425
0 0.077581
0 0.057523
0 0.001534
0 0.005841
0 0.000824
0 0.010263
0 0.007895
0 0.001244
0 0.010152
0 0.003056
0 0.068360
0 0.013424
0 0.002045
0 0.000294
0 0.016683
0 0.075552
0 0.007254
0 0.018451
0 0.006922
0 0.014894
0 0.032652
0 0.002343
0 0.000860
0 0.004444
0 0.006861
0 0.038305
0 0.000892
0 0.004791
0 0.009295
0 0.010032
0 0.002428
0 0.012674
0 0.011922
0 0.000837
0 0.004221
0 0.007654
0 0.011948
0 0.000464
0 0.004098
0 0.010803
0 0.011612
0 0.030080
0 0.012926
0 0.085491
0 0.002601
0 0.017708
0 0.002687
0 0.207766
0 0.004457
0 0.005773
0 0.014371
0 0.052333
0 0.001427
0 0.002395
0 0.018758
0 0.198282
0 0.000612
0 0.001864
0 0.079225
0 0.063878
0 0.006241
0 0.014089
0 0.037503
0 0.010531
0 0.011170
0 0.014609
0 0.000495
0 0.007831
0 0.005684
0 0.023065
0 0.353516
0 0.000325
0 0.033435
0 0.006619
0 0.004919
0 0.012258
0 0.002057
0 0.054092
0 0.015265
0 0.019768
0 0.000407
0 0.003561
0 0.002116
0 0.015212
0 0.036017
0 0.002715
0 0.008444
0 0.007322
0 0.001657
0 0.000910
0 0.003417
0 0.005916
0 0.000791
0 0.007673
0 0.011264
0 0.001651
0 0.010297
0 0.000236
0 0.000363
0 0.004246
0 0.000163
0 0.011438
0 0.132999
0 0.085752
0 0.003655
0 0.005377
0 0.004812
0 0.035054
0 0.001969
0 0.000192
0 0.001751
0 0.083435
0 0.097137
0 0.016535
0 0.031401
0 0.017035
0 0.126496
0 0.002316
0 0.024901
0 0.021656
0 0.000593
0 0.000175
0 0.053973
0 0.007628
0 0.000829
0 0.016040
0 0.000376
0 0.004831
0 0.023251
0 0.005565
0 0.001393
0 0.007793
0 0.008318
0 0.007586
0 0.002115
0 0.000303
0 0.004079
0 0.020524
0 0.012169
0 0.027107
0 0.005270
0 0.037753
0 0.000305
0 0.008400
0 0.014345
0 0.043010
0 0.004401
0 0.013547
0 0.036859
0 0.002211
0 0.006119
0 0.003150
0 0.011573
0 0.001510
0 0.001309
0 0.032107
0 0.004256
0 0.025220
0 0.773697
0 0.014087
0 0.009472
0 0.005417
0 0.009838
0 0.051057
0 0.002111
0 0.004606
0 0.001623
0 0.004336
0 0.005396
0 0.015409
0 0.004723
0 0.022741
0 0.069622
0 0.003732
0 0.001567
0 0.000360
0 0.006087
0 0.002330
0 0.008083
0 0.005612
0 0.084664
0 0.000511
0 0.166723
0 0.024008
0 0.009829
0 0.004846
0 0.000130
0 0.000361
0 0.008358
0 0.001754
0 0.003440
0 0.001819
0 0.007501
0 0.028594
0 0.010893
0 0.003355
0 0.013870
0 0.001418
0 0.006085
0 0.009011
0 0.023008
0 0.101620
0 0.023187
0 0.000504
0 0.001417
0 0.025018
0 0.035059
0 0.002193
0 0.008515
0 0.009625
0 0.000688
0 0.019102
0 0.139074
0 0.041458
0 0.001167
0 0.011286
0 0.007909
0 0.028791
0 0.011511
0 0.003446
0 0.000944
0 0.006597
0 0.069089
0 0.015493
0 0.001211
0 0.001853
0 0.000748
0 0.005036
0 0.002171
0 0.010194
0 0.003279
0 0.035587
0 0.002037
0 0.048797
0 0.010610
0 0.004363
0 0.005819
0 0.005209
0 0.006177
0 0.000296
0 0.000741
0 0.002969
0 0.005495
0 0.006168
0 0.000209
0 0.007404
0 0.024915
0 0.027456
0 0.043374
0 0.019530
0 0.078084
0 0.033667
0 0.003763
0 0.062451
0 0.071715
0 0.027060
0 0.005981
0 0.017401
0 0.003308
0 0.001208
0 0.002532
0 0.004299
0 0.002908
0 0.005148
0 0.004241
0 0.164851
0 0.003656
0 0.006620
0 0.017476
0 0.035411
0 0.203994
0 0.011516
0 0.024457
0 0.004465
0 0.013247
0 0.040762
0 0.019060
0 0.002554
0 0.001190
0 0.000203
0 0.000830
0 0.161690
0 0.007770
0 0.005432
0 0.027326
0 0.235603
0 0.002514
0 0.127101
0 0.011824
0 0.005887
0 0.015519
0 0.003669
0 0.010969
0 0.016841
0 0.000488
0 0.008709
0 0.002697
0 0.005590
0 0.132393
0 0.009251
0 0.004401
0 0.010587
0 0.021070
0 0.004786
0 0.002799
0 0.008459
0 0.002339
0 0.007670
0 0.009740
0 0.032980
0 0.006892
0 0.157053
0 0.010925
0 0.003315
0 0.002247
0 0.002550
0 0.004413
0 0.034415
0 0.007399
0 0.017683
0 0.009502
0 0.000103
0 0.007033
0 0.036380
0 0.007848
0 0.001695
0 0.007765
0 0.010699
0 0.003463
0 0.029653
0 0.131855
0 0.000490
0 0.003069
0 0.007997
0 0.034380
0 0.013549
0 0.021974
0 0.005020
0 0.043490
0 0.006266
0 0.019103
0 0.003158
0 0.000157
0 0.001437
0 0.048184
0 0.062096
0 0.001362
0 0.018013
0 0.003368
0 0.031822
0 0.003461
0 0.003335
0 0.017535
0 0.003211
0 0.000785
0 0.026846
0 0.232428
0 0.001889
0 0.090915
0 0.000158
0 0.107415
0 0.002509
0 0.001983
0 0.002160
0 0.001927
0 0.036158
0 0.005989
0 0.005003
0 0.098536
0 0.011973
0 0.458311
0 0.018802
0 0.017818
0 0.001253
0 0.010946
0 0.001805
0 0.000955
0 0.005647
0 0.064234
0 0.010513
0 0.004829
0 0.003083
0 0.014075
0 0.003764
0 0.146768
0 0.000576
0 0.001937
0 0.002609
0 0.019146
0 0.011036
0 0.006019
0 0.004586
0 0.005283
0 0.000333
0 0.000861
0 0.005900
0 0.011491
0 0.009730
0 0.072524
0 0.151134
0 0.000588
0 0.005225
0 0.004011
0 0.003017
0 0.011742
0 0.032077
0 0.031393
0 0.002715
0 0.013926
0 0.049481
0 0.011224
0 0.002969
0 0.003935
0 0.009846
0 0.002080
0 0.073273
0 0.269082
0 0.004125
0 0.003689
0 0.002961
0 0.002450
0 0.135768
0 0.029315
0 0.064951
0 0.017076
0 0.014631
0 0.091267
0 0.006830
0 0.001010
0 0.026597
0 0.002750
0 0.005657
0 0.135758
0 0.007626
0 0.007893
0 0.000531
0 0.006965
0 0.003275
0 0.034230
0 0.002734
0 0.004092
0 0.007707
0 0.038911
0 0.020188
0 0.256665
0 0.006380
0 0.009174
0 0.047147
0 0.037493
0 0.002047
0 0.003002
0 0.018737
0 0.004800
0 0.007468
0 0.012970
0 0.054576
0 0.004645
0 0.006144
0 0.001043
0 0.001789
0 0.045798
0 0.052410
0 0.034430
0 0.093410
0 0.005446
0 0.015124
0 0.259329
0 0.023598
0 0.003969
0 0.025128
0 0.064041
0 0.013918
0 0.015006
0 0.001849
0 0.003746
0 0.003765
0 0.011859
0 0.030273
0 0.087369
0 0.003389
0 0.034649
0 0.002119
0 0.004238
0 0.005959
0 0.004677
0 0.016015
0 0.004853
0 0.000412
0 0.003706
0 0.005981
0 0.017246
0 0.006271
0 0.001328
0 0.003120
0 0.011397
0 0.012521
0 0.031160
0 0.005665
0 0.043702
0 0.008382
0 0.075802
0 0.019066
0 0.027321
0 0.000202
0 0.016684
0 0.007565
0 0.002051
0 0.060822
0 0.004144
0 0.004588
0 0.041386
0 0.003142
0 0.032557
0 0.007066
0 0.004014
0 0.006025
0 0.007388
0 0.006345
0 0.001327
0 0.018938
0 0.009311
0 0.000172
0 0.014842
0 0.018286
0 0.003867
0 0.017253
0 0.035603
0 0.000329
0 0.002136
0 0.005570
0 0.016868
0 0.007253
0 0.000195
0 0.009158
0 0.043082
0 0.014323
0 0.151526
0 0.001915
0 0.004618
0 0.000623
0 0.002001
0 0.001040
0 0.001562
0 0.001312
0 0.004163
0 0.002374
0 0.005841
0 0.004864
0 0.049585
0 0.002054
0 0.001701
0 0.002528
0 0.001412
0 0.074332
0 0.036734
0 0.018075
0 0.015890
0 0.000891
0 0.013977
0 0.007408
0 0.000001
0 0.012525
0 0.011189
0 0.000516
0 0.004501
0 0.005520
0 0.278942
0 0.082629
0 0.002615
0 0.002694
0 0.002145
0 0.005755
0 0.083180
0 0.029403
0 0.005095
0 0.029131
0 0.025800
0 0.025421
0 0.000354
0 0.000399
0 0.001869
0 0.000801
0 0.002091
0 0.129162
0 0.034376
0 0.016966
0 0.039635
0 0.005553
0 0.028898
0 0.009279
0 0.006319
0 0.007179
0 0.010664
0 0.000240
0 0.127993
0 0.007585
0 0.001232
0 0.009046
0 0.069607
0 0.010447
0 0.004227
0 0.018905
0 0.039636
0 0.000838
0 0.004821
0 0.003705
0 0.005790
0 0.007763
0 0.396831
0 0.011189
0 0.016887
0 0.000975
0 0.002065
0 0.002558
0 0.000994
0 0.026032
0 0.004257
0 0.008926
0 0.009546
0 0.024854
0 0.431897
0 0.004764
0 0.042447
0 0.034280
0 0.009573
0 0.012972
0 0.017309
0 0.001545
0 0.002633
0 0.005665
0 0.007359
0 0.001132
0 0.007060
0 0.007597
0 0.006323
0 0.003009
0 0.002891
0 0.006384
0 0.003322
0 0.013105
0 0.024760
0 0.050123
0 0.012642
0 0.001296
0 0.002692
0 0.026283
0 0.006487
0 0.015588
0 0.017672
0 0.000686
0 0.019502
0 0.003331
0 0.004826
0 0.033778
0 0.072024
0 0.020611
0 0.002505
0 0.010112
0 0.007602
0 0.013284
0 0.453770
0 0.000058
0 0.003996
0 0.013094
0 0.005727
0 0.015105
0 0.002552
0 0.011581
0 0.253817
0 0.006191
0 0.105733
0 0.014560
0 0.000584
0 0.000361
0 0.228338
0 0.016217
0 0.003442
0 0.001833
0 0.001167
0 0.007758
0 0.001061
0 0.006816
0 0.002898
0 0.031530
0 0.000129
0 0.009654
0 0.008367
0 0.030718
0 0.003354
0 0.004371
0 0.012800
0 0.006295
0 0.002859
0 0.005461
0 0.002831
0 0.008248
0 0.006235
0 0.031976
0 0.002439
0 0.000910
0 0.004747
0 0.004349
0 0.030000
0 0.002933
0 0.007614
0 0.002801
0 0.022087
0 0.003144
0 0.008197
0 0.070187
0 0.002992
0 0.016551
0 0.325150
0 0.010494
0 0.000344
0 0.016450
0 0.028938
0 0.001389
0 0.006469
0 0.013106
0 0.014645
0 0.001759
0 0.021961
0 0.002165
0 0.019071
0 0.003539
0 0.049065
0 0.054087
0 0.001693
0 0.024829
0 0.003523
0 0.000185
0 0.006721
0 0.016701
0 0.012675
0 0.009159
0 0.005746
0 0.014199
0 0.203708
0 0.005597
0 0.101690
0 0.022371
0 0.001146
0 0.005712
0 0.008170
0 0.008600
0 0.003211
0 0.033440
0 0.001833
0 0.002193
0 0.022220
0 0.000275
0 0.001440
0 0.003158
0 0.009446
0 0.000362
0 0.006441
0 0.003903
0 0.002844
0 0.019470
0 0.011393
0 0.002902
0 0.036669
0 0.000451
0 0.165333
0 0.010072
0 0.022330
0 0.006923
0 0.011674
0 0.010990
0 0.003359
0 0.001794
0 0.009335
0 0.006293
0 0.040458
0 0.000452
0 0.009267
0 0.019090
0 0.043180
0 0.001855
0 0.004868
0 0.014941
0 0.000305
0 0.008185
0 0.001369
0 0.000688
0 0.001985
0 0.001110
0 0.021565
0 0.045142
0 0.001716
0 0.061140
0 0.005386
0 0.002686
0 0.000505
0 0.002210
0 0.011732
0 0.002912
0 0.009123
0 0.005508
0 0.005689
0 0.001789
0 0.001554
0 0.075541
0 0.002316
0 0.009745
0 0.017374
0 0.177653
0 0.002263
0 0.004675
0 0.004408
0 0.036386
0 0.001875
0 0.000141
0 0.007545
0 0.001459
0 0.077715
0 0.074085
0 0.003461
0 0.000159
0 0.000281
0 0.002056
0 0.010630
0 0.001570
0 0.005373
0 0.001672
0 0.017628
0 0.017561
0 0.003323
0 0.002846
0 0.002639
0 0.001966
0 0.013428
0 0.007395
0 0.010169
0 0.003698
0 0.001759
0 0.001387
0 0.000895
0 0.024503
0 0.010069
0 0.021419
0 0.005346
0 0.029447
0 0.285822
0 0.061722
0 0.001859
0 0.037183
0 0.004218
0 0.012336
0 0.002328
0 0.000093
0 0.012012
0 0.131643
0 0.047715
0 0.010792
0 0.016069
0 0.015954
0 0.001104
0 0.007703
0 0.013820
0 0.000433
0 0.003850
0 0.203528
0 0.011410
0 0.011248
0 0.002251
0 0.004275
0 0.012452
0 0.005680
0 0.004228
0 0.015279
0 0.000781
0 0.000178
0 0.010114
0 0.004205
0 0.008770
0 0.000471
0 0.158613
0 0.032667
0 0.010363
0 0.023887
0 0.030957
0 0.002210
0 0.001637
0 0.004761
0 0.008354
0 0.007394
0 0.001270
0 0.012063
0 0.472884
0 0.022172
0 0.001263
0 0.015828
0 0.004514
0 0.002337
0 0.007427
0 0.003137
0 0.005418
0 0.000519
0 0.002442
0 0.002108
0 0.013596
0 0.004405
0 0.005363
0 0.000466
0 0.098184
0 0.009036
0 0.004542
0 0.013490
0 0.020605
0 0.034071
0 0.002242
0 0.006742
0 0.004777
0 0.000405
0 0.022673
0 0.072568
0 0.043752
0 0.052138
0 0.266107
0 0.000437
0 0.001531
0 0.001343
0 0.250433
0 0.049509
0 0.246878
0 0.004388
0 0.021942
0 0.026471
0 0.002711
0 0.006086
0 0.012922
0 0.003577
0 0.003803
0 0.003380
0 0.000416
0 0.002225
0 0.008713
0 0.000314
0 0.002362
0 0.023090
0 0.014011
0 0.002081
0 0.004356
0 0.010529
0 0.005250
0 0.032742
0 0.003573
0 0.003780
0 0.014275
0 0.002618
0 0.008155
0 0.003600
0 0.017307
0 0.004681
0 0.003414
0 0.000598
0 0.001001
0 0.030895
0 0.040337
0 0.032657
0 0.006020
0 0.003241
0 0.006782
0 0.001121
0 0.004033
0 0.001054
0 0.060554
0 0.033080
0 0.228621
0 0.015244
0 0.008188
0 0.001853
0 0.126892
0 0.001561
0 0.001969
0 0.002978
0 0.007748
0 0.012077
0 0.000570
0 0.001451
0 0.041894
0 0.001961
0 0.010819
0 0.044027
0 0.002511
0 0.026363
0 0.002173
0 0.028730
0 0.080666
0 0.007786
0 0.023363
0 0.004592
0 0.004359
0 0.025129
0 0.000345
0 0.007246
0 0.023134
0 0.016460
0 0.001095
0 0.020271
0 0.003460
0 0.034836
0 0.022745
0 0.032061
0 0.076957
0 0.001083
0 0.000604
0 0.001543
0 0.319440
0 0.003702
0 0.002288
0 0.010501
0 0.000834
0 0.023018
0 0.005678
0 0.003910
0 0.005335
0 0.025076
0 0.003274
0 0.035602
0 0.000701
0 0.659447
0 0.001627
0 0.018210
0 0.002086
0 0.219972
0 0.001767
0 0.019920
0 0.018895
0 0.027598
0 0.105925
0 0.004604
0 0.166750
0 0.056331
0 0.002252
0 0.149002
0 0.004905
0 0.013749
0 0.023904
0 0.024777
0 0.002644
0 0.406415
0 0.018865
0 0.000840
0 0.001168
0 0.002086
0 0.048439
0 0.003338
0 0.007291
0 0.126691
0 0.000061
0 0.006836
0 0.006181
0 0.008618
0 0.009257
0 0.000397
0 0.000580
0 0.010766
0 0.001826
0 0.000509
0 0.125423
0 0.012792
0 0.003940
0 0.008819
0 0.065320
0 0.008292
0 0.014182
0 0.034484
0 0.005663
0 0.003330
0 0.011132
0 0.007859
0 0.034394
0 0.093729
0 0.000456
0 0.003635
0 0.001725
0 0.003826
0 0.000548
0 0.588270
0 0.011527
0 0.000225
0 0.000185
0 0.068142
0 0.016243
0 0.003785
0 0.004496
0 0.003957
0 0.000317
0 0.004847
0 0.008713
0 0.096142
0 0.005360
0 0.077965
0 0.036551
0 0.001488
0 0.003871
0 0.011516
0 0.003601
0 0.001179
0 0.005137
0 0.011493
0 0.009164
0 0.003307
0 0.004676
0 0.008776
0 0.017039
0 0.002241
0 0.020560
0 0.025189
0 0.001485
0 0.007374
0 0.018385
0 0.001492
0 0.081443
0 0.009791
0 0.007399
0 0.171210
0 0.044967
0 0.004335
0 0.002991
0 0.020693
0 0.005082
0 0.007031
0 0.035530
0 0.048588
0 0.163585
0 0.038294
0 0.009364
0 0.006496
0 0.060057
0 0.012524
0 0.004244
0 0.001990
0 0.005427
0 0.006927
0 0.001261
0 0.004257
0 0.000055
0 0.005034
0 0.058053
0 0.000950
0 0.064211
0 0.013438
0 0.051834
0 0.001498
0 0.069399
0 0.466827
0 0.025922
0 0.002989
0 0.000250
0 0.000018
0 0.017317
0 0.039269
0 0.003868
0 0.027299
0 0.004248
0 0.492818
0 0.004815
0 0.002888
0 0.000270
0 0.012136
0 0.009069
0 0.038760
0 0.011274
0 0.011577
0 0.018871
0 0.022081
0 0.005365
0 0.004125
0 0.017534
0 0.003475
0 0.005882
0 0.044598
0 0.004241
0 0.014275
0 0.003493
0 0.051928
0 0.020045
0 0.080687
0 0.005815
0 0.080669
0 0.001938
0 0.028532
0 0.008696
0 0.088323
0 0.002672
0 0.042110
0 0.004255
0 0.002436
0 0.000627
0 0.011046
0 0.004798
0 0.006330
0 0.002701
0 0.057336
0 0.155743
0 0.009415
0 0.028352
0 0.057587
0 0.002056
0 0.052851
0 0.006418
0 0.034694
0 0.010725
0 0.012877
0 0.227043
0 0.000856
0 0.131867
0 0.024217
0 0.008542
0 0.039930
0 0.007245
0 0.011152
0 0.005873
0 0.008535
0 0.016490
0 0.004929
0 0.131153
0 0.021671
0 0.004459
0 0.004256
0 0.001946
0 0.001747
0 0.060509
0 0.003593
0 0.002534
0 0.055560
0 0.010048
0 0.961913
0 0.026740
0 0.006076
0 0.006678
0 0.006145
0 0.012435
0 0.006223
0 0.001694
0 0.001401
0 0.010447
0 0.002844
0 0.034921
0 0.024213
0 0.002863
0 0.001009
0 0.001802
0 0.009583
0 0.000838
0 0.006724
0 0.057233
0 0.000854
0 0.015860
0 0.016913
0 0.004638
0 0.002732
0 0.012658
0 0.002553
0 0.003625
0 0.003306
0 0.000298
0 0.002099
0 0.006123
0 0.007726
0 0.005515
0 0.037158
0 0.249291
0 0.004086
0 0.005466
0 0.002899
0 0.001281
0 0.005172
0 0.022201
0 0.009677
0 0.012080
0 0.002018
0 0.004956
0 0.000731
0 0.000203
0 0.003453
0 0.002435
0 0.005445
0 0.001782
0 0.001362
0 0.018720
0 0.014764
0 0.004050
0 0.010793
0 0.007200
0 0.009153
0 0.034975
0 0.010641
0 0.015613
0 0.035987
0 0.001526
0 0.044084
0 0.016896
0 0.369375
0 0.001028
0 0.030369
0 0.001370
0 0.011374
0 0.004750
0 0.013015
0 0.016386
0 0.004178
0 0.000931
0 0.010483
0 0.002546
0 0.002977
0 0.054835
0 0.058405
0 0.025345
0 0.020507
0 0.007544
0 0.001056
0 0.000046
0 0.034686
0 0.000151
0 0.000887
0 0.002035
0 0.013242
0 0.007505
0 0.001223
0 0.008641
0 0.045362
0 0.011188
0 0.027833
0 0.031980
0 0.005965
0 0.026170
0 0.016137
0 0.012386
0 0.021171
0 0.000507
0 0.002902
0 0.002560
0 0.108627
0 0.039019
0 0.000199
0 0.001056
0 0.005272
0 0.011737
0 0.003230
0 0.009881
0 0.010011
0 0.004959
0 0.010818
0 0.064699
0 0.003542
0 0.001240
0 0.010159
0 0.002253
0 0.056383
0 0.002766
0 0.003348
0 0.016477
0 0.000479
0 0.000897
0 0.061587
0 0.000830
0 0.000982
0 0.001422
0 0.002007
0 0.002013
0 0.009481
0 0.000662
0 0.245672
0 0.001814
0 0.001910
0 0.000652
0 0.009067
0 0.211387
0 0.000462
0 0.006679
0 0.000394
0 0.035085
0 0.001143
0 0.028339
0 0.004889
0 0.000266
0 0.002066
0 0.007563
0 0.032608
0 0.010974
0 0.000352
0 0.004096
0 0.020219
0 0.017621
0 0.012830
0 0.004777
0 0.431174
0 0.012867
0 0.010999
0 0.001404
0 0.002426
0 0.003394
0 0.000479
0 0.002777
0 0.034674
0 0.031502
0 0.000888
0 0.004222
0 0.017477
0 0.001230
0 0.000856
0 0.099943
0 0.014259
0 0.218399
0 0.011616
0 0.016838
0 0.053117
0 0.019043
0 0.164910
0 0.000516
0 0.004957
0 0.014507
0 0.028622
0 0.001287
0 0.024928
0 0.000756
0 0.068736
0 0.017912
0 0.005126
0 0.001389
0 0.002032
0 0.003301
0 0.006372
0 0.011634
0 0.001104
0 0.008039
0 0.004852
0 0.004979
0 0.030585
0 0.013893
0 0.007809
0 0.003534
0 0.011169
0 0.007424
0 0.002166
0 0.009734
0 0.002315
0 0.001910
0 0.008492
0 0.005160
0 0.002934
0 0.021721
0 0.018813
0 0.011387
0 0.012880
0 0.427091
0 0.006201
0 0.005428
0 0.028962
0 0.015991
0 0.022301
0 0.007717
0 0.103377
0 0.014260
0 0.002677
0 0.027551
0 0.007059
0 0.002967
0 0.003448
0 0.001997
0 0.011441
0 0.004471
0 0.000960
0 0.047245
0 0.000342
0 0.020792
0 0.003643
0 0.005336
0 0.000555
0 0.044089
0 0.002274
0 0.016361
0 0.002919
0 0.021698
0 0.002373
0 0.004446
0 0.001105
0 0.005140
0 0.163504
0 0.001223
0 0.093269
0 0.008465
0 0.020108
0 0.104269
0 0.050003
0 0.009463
0 0.005189
0 0.072717
0 0.005739
0 0.040107
0 0.008783
0 0.015086
0 0.001687
0 0.052881
0 0.106541
0 0.024580
0 0.009338
0 0.011164
0 0.017427
0 0.105966
0 0.012760
0 0.007117
0 0.022317
0 0.028051
0 0.007467
0 0.001971
0 0.019884
0 0.002274
0 0.022236
0 0.015527
0 0.009868
0 0.001306
0 0.005022
0 0.071775
0 0.003110
0 0.003621
0 0.042207
0 0.000831
0 0.008279
0 0.068745
0 0.000944
0 0.003560
0 0.019519
0 0.005008
0 0.002699
0 0.000305
0 0.055116
0 0.004721
0 0.003648
0 0.009003
0 0.020496
0 0.032715
0 0.000724
0 0.000979
0 0.018822
0 0.001248
0 0.011788
0 0.019453
0 0.031812
0 0.016156
0 0.000982
0 0.005982
0 0.075087
0 0.136969
0 0.002326
0 0.013298
0 0.008681
0 0.037050
0 0.032000
0 0.034964
0 0.000242
0 0.125931
0 0.002946
0 0.003387
0 0.000617
0 0.000827
0 0.000192
0 0.007153
0 0.006081
0 0.004770
0 0.011562
0 0.000291
0 0.005059
0 0.049838
0 0.010373
0 0.006148
0 0.022647
0 0.000999
0 0.003699
0 0.046292
0 0.007511
0 0.002738
0 0.014516
0 0.059817
0 0.003652
0 0.006335
0 0.006947
0 0.020015
0 0.009786
0 0.110732
0 0.031364
0 0.001119
0 0.004751
0 0.032337
0 0.005202
0 0.026917
0 0.042484
0 0.000742
0 0.010078
0 0.000870
0 0.016583
0 0.006397
0 0.001426
0 0.003319
0 0.002173
0 0.010994
0 0.002484
0 0.004050
0 0.021984
0 0.004077
0 0.002977
0 0.013445
0 0.004000
0 0.005325
0 0.002482
0 0.002316
0 0.001831
0 0.005857
0 0.013199
0 0.014402
0 0.039439
0 0.000527
0 0.006599
0 0.001115
0 0.007435
0 0.010176
0 0.015497
0 0.003291
0 0.004592
0 0.077232
0 0.064175
0 0.003685
0 0.022740
0 0.018067
0 0.017285
0 0.026165
0 0.000780
0 0.002282
0 0.000679
0 0.184201
0 0.137830
0 0.077442
0 0.009556
0 0.002066
0 0.003855
0 0.067909
0 0.000365
0 0.000704
0 0.089888
0 0.005046
0 0.002590
0 0.004889
0 0.014930
0 0.193534
0 0.066473
0 0.007714
0 0.002980
0 0.057202
0 0.002556
0 0.027158
0 0.001941
0 0.025239
0 0.007029
0 0.002453
0 0.130829
0 0.007836
0 0.040673
0 0.060575
0 0.046029
0 0.026016
0 0.002846
0 0.008107
0 0.434324
0 0.001362
0 0.000942
0 0.005148
0 0.176030
0 0.002379
0 0.013249
0 0.026686
0 0.035456
0 0.009474
0 0.013556
0 0.151852
0 0.010578
0 0.000682
0 0.000729
0 0.009339
0 0.014405
0 0.001099
0 0.008544
0 0.011645
0 0.001469
0 0.006822
0 0.035685
0 0.019938
0 0.002333
0 0.007038
0 0.002038
0 0.029701
0 0.002414
0 0.000674
0 0.003323
0 0.015320
0 0.016847
0 0.000839
0 0.030745
0 0.007736
0 0.002487
0 0.004867
0 0.190678
0 0.043730
0 0.003277
0 0.021507
0 0.000294
0 0.099147
0 0.001056
0 0.002359
0 0.160010
0 0.001441
0 0.178048
0 0.004517
0 0.002128
0 0.086207
0 0.002167
0 0.000745
0 0.055203
0 0.066955
0 0.004130
0 0.005357
0 0.006206
0 0.026147
0 0.012122
0 0.004757
0 0.014816
0 0.023451
0 0.011311
0 0.000874
0 0.001337
0 0.098369
0 0.003323
0 0.000881
0 0.002465
0 0.013813
0 0.001974
0 0.000863
0 0.009532
0 0.070534
0 0.021269
0 0.364549
0 0.005485
0 0.031631
0 0.020703
0 0.004952
0 0.005039
0 0.003050
0 0.012818
0 0.015472
0 0.004058
0 0.001860
0 0.001646
0 0.000293
0 0.001055
0 0.050809
0 0.005114
0 0.035634
0 0.075192
0 0.012768
0 0.004380
0 0.002487
0 0.005952
0 0.005483
0 0.002666
0 0.274936
0 0.004550
0 0.004788
0 0.007459
0 0.013258
0 0.006655
0 0.006731
0 0.162885
0 0.005277
0 0.010214
0 0.010650
0 0.004130
0 0.001327
0 0.062052
0 0.343075
0 0.000033
0 0.004354
0 0.031143
0 0.003795
0 0.001968
1 0.617862
1 0.972035
1 0.996741
1 0.026435
1 0.976066
1 0.262918
1 0.908104
1 0.910540
1 0.997160
1 0.884023
1 0.225911
1 0.028590
1 0.925579
1 0.973586
1 0.991033
1 0.327406
1 0.441542
1 0.998593
1 0.047631
1 0.993437
1 0.901126
1 0.991801
1 0.478432
1 0.919438
1 0.006081
1 0.343271
1 0.999253
1 0.334999
1 0.978710
1 0.999623
1 0.123026
1 0.810480
1 0.985169
1 0.998301
1 0.280616
1 0.176773
1 0.829495
1 0.445355
1 0.183671
1 0.045620
1 0.996919
1 0.993647
1 0.003881
1 0.555193
1 0.876722
1 0.263545
1 0.223694
1 0.999577
1 0.982114
1 0.013043
1 0.998516
1 0.451193
1 0.058856
1 0.998627
1 0.998041
1 0.930632
1 0.014597
1 0.892920
1 0.999065
1 0.938362
1 0.999816
1 0.837930
1 0.940840
1 0.797980
1 0.100362
1 0.524204
1 0.960226
1 0.996186
1 0.136449
1 0.999220
1 0.077985
1 0.957079
1 0.373842
1 0.985401
1 0.945759
1 0.230202
1 0.993474
1 0.994940
1 0.998975
1 0.980775
1 0.103780
1 0.999063
1 0.994432
1 0.998689
1 0.729830
1 0.760441
1 0.916708
1 0.360816
1 0.108657
1 0.053176
1 0.998931
1 0.731245
1 0.998993
1 0.987691
1 0.912825
1 0.010829
1 0.997258
1 0.009226
1 0.991594
1 0.880786
1 0.997837
1 0.860083
1 0.996532
1 0.441560
1 0.447566
1 0.996773
1 0.994948
1 0.993988
1 0.215057
1 0.002984
1 0.996181
1 0.082033
1 0.929035
1 0.230990
1 0.400984
1 0.013354
1 0.410967
1 0.994806
1 0.999868
1 0.986602
1 0.978588
1 0.928104
1 0.999360
1 0.997900
1 0.999533
1 0.129520
1 0.823064
1 0.977651
1 0.077610
1 0.999661
1 0.016128
1 0.998631
1 0.916770
1 0.010887
1 0.999464
1 0.337499
1 0.220436
1 0.092194
1 0.175445
1 0.608735
1 0.999730
1 0.996067
1 0.994988
1 0.995027
1 0.999267
1 0.980428
1 0.892267
1 0.010095
1 0.027575
1 0.997950
1 0.023719
1 0.999441
1 0.999969
1 0.991624
1 0.966165
1 0.836186
1 0.999945
1 0.126812
1 0.956462
1 0.999596
1 0.996256
1 0.993684
1 0.988236
1 0.432732
1 0.373850
1 0.999406
1 0.470219
1 0.769435
1 0.999308
1 0.989240
1 0.093176
1 0.012105
1 0.675515
1 0.650482
1 0.991767
1 0.995851
1 0.997459
1 0.997956
1 0.999310
1 0.985268
1 0.998500
1 0.994882
1 0.984082
1 0.999857
1 0.998311
1 0.017712
1 0.998592
1 0.997892
1 0.996755
1 0.732787
1 0.472641
1 0.353740
1 0.999881
1 0.964883
1 0.050054
1 0.998126
1 0.609523
1 0.689221
1 0.257413
1 0.052223
1 0.999877
1 0.618214
1 0.999665
1 0.072627
1 0.997783
1 0.962012
1 0.899370
1 0.994600
1 0.999772
1 0.990238
1 0.691683
1 0.177690
1 0.015155
1 0.420068
1 0.988214
1 0.314121
1 0.962175
1 0.970292
1 0.994487
1 0.999078
1 0.007195
1 0.700237
1 0.999977
1 0.999927
1 0.999871
1 0.426767
1 0.999006
1 0.772506
1 0.995207
1 0.054597
1 0.990547
1 0.996700
1 0.904252
1 0.839715
1 0.851616
1 0.907448
1 0.995784
1 0.991312
1 0.977735
1 0.999735
1 0.909007
1 0.998657
1 0.975091
1 0.711427
1 0.955373
1 0.801388
1 0.957122
1 0.719177
1 0.998976
1 0.490547
1 0.999876
1 0.945652
1 0.993353
1 0.981547
1 0.047454
1 0.971037
1 0.999459
1 0.691822
1 0.999281
1 0.302761
1 0.141423
1 0.124712
1 0.977111
1 0.597810
1 0.296536
1 0.999680
1 0.453248
1 0.039738
1 0.999630
1 0.997780
1 0.999403
1 0.999903
1 0.550038
1 0.991804
1 0.132940
1 0.999241
1 0.937719
1 0.749806
1 0.825928
1 0.090235
1 0.740958
1 0.808676
1 0.030031
1 0.999916
1 0.982984
1 0.996704
1 0.036037
1 0.976496
1 0.846453
1 0.999305
1 0.035876
1 0.985468
1 0.142007
1 0.131974
1 0.989379
1 0.983023
1 0.033449
1 0.007695
1 0.899216
1 0.012030
1 0.742725
1 0.118747
1 0.276177
1 0.994473
1 0.126272
1 0.999433
1 0.988755
1 0.996674
1 0.811789
1 0.997935
1 0.958583
1 0.886661
1 0.990208
1 0.996768
1 0.836344
1 0.989912
1 0.921687
1 0.993769
1 0.997646
1 0.618597
1 0.094867
1 0.997888
1 0.756497
1 0.999588
1 0.991796
1 0.999548
1 0.868894
1 0.999609
1 0.601173
1 0.999458
1 0.999300
1 0.994994
1 0.681770
1 0.013186
1 0.981181
1 0.923295
1 0.881069
1 0.999488
1 0.273254
1 0.793881
1 0.998576
1 0.999084
1 0.999976
1 0.998645
1 0.986959
1 0.998333
1 0.605145
1 0.988802
1 0.605785
1 0.207573
1 0.997429
1 0.999485
1 0.227312
1 0.243900
1 0.029695
1 0.940665
1 0.990249
1 0.999449
1 0.480801
1 0.808219
1 0.980664
1 0.988778
1 0.385077
1 0.587137
1 0.437644
1 0.999268
1 0.022088
1 0.999975
1 0.054516
1 0.996592
1 0.999509
1 0.050733
1 0.999766
1 0.012711
1 0.977719
1 0.955153
1 0.551606
1 0.998553
1 0.806879
1 0.447509
1 0.014646
1 0.999716
1 0.995782
1 0.923883
1 0.812619
1 0.960346
1 0.989527
1 0.999415
1 0.999287
1 0.988990
1 0.998417
1 0.999384
1 0.998058
1 0.999832
1 0.520099
1 0.989946
1 0.988074
1 0.997144
1 0.177743
1 0.937239
1 0.045495
1 0.790399
1 0.999643
1 0.011595
1 0.022325
1 0.242569
1 0.999539
1 0.342532
1 0.677597
1 0.998561
1 0.592942
1 0.898199
1 0.163993
1 0.995886
1 0.998015
1 0.001738
1 0.969862
1 0.850092
1 0.553913
1 0.673089
1 0.300477
1 0.359288
1 0.823397
1 0.019254
1 0.732212
1 0.998814
1 0.998273
1 0.998452
1 0.995897
1 0.694632
1 0.468759
1 0.021503
1 0.661816
1 0.013250
1 0.994731
1 0.999914
1 0.902248
1 0.999510
1 0.652784
1 0.930917
1 0.384079
1 0.938051
1 0.996246
1 0.983413
1 0.999250
1 0.914630
1 0.029527
1 0.034816
1 0.413716
1 0.029010
1 0.118747
1 0.356977
1 0.476763
1 0.999865
1 0.977423
1 0.244400
1 0.925715
1 0.007057
1 0.960754
1 0.998318
1 0.999856
1 0.998584
1 0.999600
1 0.684104
1 0.231356
1 0.045051
1 0.997101
1 0.214618
1 0.889273
1 0.992821
1 0.717064
1 0.006963
1 0.000339
1 0.997256
1 0.014662
1 0.996029
1 0.995921
1 0.883862
1 0.932520
1 0.997122
1 0.793612
1 0.998121
1 0.998642
1 0.991260
1 0.001207
1 0.191862
1 0.506457
1 0.999102
1 0.930984
1 0.999224
1 0.998841
1 0.964174
1 0.984815
1 0.989850
1 0.769337
1 0.057480
1 0.054043
1 0.244784
1 0.999488
1 0.998593
1 0.997951
1 0.997780
1 0.922110
1 0.466776
1 0.998809
1 0.998590
1 0.391713
1 0.964763
1 0.974301
1 0.044651
1 0.525452
1 0.181964
1 0.972946
1 0.998805
1 0.999551
1 0.980481
1 0.001663
1 0.994104
1 0.998454
1 0.992210
1 0.062144
1 0.999596
1 0.997244
1 0.234145
1 0.664831
1 0.245771
1 0.474683
1 0.999531
1 0.229105
1 0.215360
1 0.993537
1 0.999900
1 0.004224
1 0.186761
1 0.117727
1 0.994312
1 0.999833
1 0.971921
1 0.987153
1 0.058743
1 0.993232
1 0.975363
1 0.119232
1 0.072405
1 0.999577
1 0.989368
1 0.991782
1 0.043208
1 0.453170
1 0.826523
1 0.013211
1 0.553390
1 0.993563
1 0.478302
1 0.998688
1 0.016010
1 0.891060
1 0.999126
1 0.998806
1 0.977893
1 0.996638
1 0.998949
1 0.844401
1 0.983023
1 0.021186
1 0.999163
1 0.146195
1 0.989651
1 0.994255
1 0.368643
1 0.976940
1 0.109298
1 0.863923
1 0.115381
1 0.824228
1 0.999062
1 0.757894
1 0.115411
1 0.705916
1 0.984023
1 0.983342
1 0.921141
1 0.997690
1 0.998641
1 0.999784
1 0.999837
1 0.995703
1 0.485917
1 0.910565
1 0.440835
1 0.001869
1 0.866307
1 0.009596
1 0.019340
1 0.858502
1 0.996922
1 0.507890
1 0.781060
1 0.995027
1 0.999476
1 0.999362
1 0.999369
1 0.717888
1 0.946324
1 0.848595
1 0.995980
1 0.968051
1 0.988194
1 0.054218
1 0.994033
1 0.955547
1 0.191538
1 0.991736
1 0.999651
1 0.089235
1 0.668146
1 0.809560
1 0.948672
1 0.998517
1 0.802343
1 0.997813
1 0.777191
1 0.990589
1 0.090505
1 0.986873
1 0.085575
1 0.983387
1 0.867749
1 0.995527
1 0.996430
1 0.998509
1 0.995268
1 0.617579
1 0.696591
1 0.999927
1 0.462081
1 0.810807
1 0.994053
1 0.996821
1 0.980676
1 0.138960
1 0.993375
1 0.997745
1 0.963681
1 0.999169
1 0.167808
1 0.976745
1 0.568250
1 0.998442
1 0.997929
1 0.068981
1 0.998522
1 0.063060
1 0.973771
1 0.994748
1 0.768506
1 0.982078
1 0.056615
1 0.999310
1 0.999260
1 0.982197
1 0.986367
1 0.672327
1 0.983418
1 0.553001
1 0.004594
1 0.025968
1 0.987197
1 0.982347
1 0.314106
1 0.090072
1 0.999027
1 0.995381
1 0.938025
1 0.297483
1 0.999181
1 0.992040
1 0.559282
1 0.995628
1 0.980553
1 0.999526
1 0.983387
1 0.125838
1 0.992566
1 0.033310
1 0.995927
1 0.999834
1 0.351353
1 0.122515
1 0.682383
1 0.878203
1 0.987579
1 0.999033
1 0.975315
1 0.988037
1 0.012787
1 0.999371
1 0.999906
1 0.525891
1 0.999821
1 0.993338
1 0.998483
1 0.241338
1 0.302211
1 0.992120
1 0.999380
1 0.993653
1 0.107517
1 0.997359
1 0.997013
1 0.024086
1 0.992809
1 0.998162
1 0.995316
1 0.314681
1 0.999947
1 0.257921
1 0.991844
1 0.961490
1 0.999489
1 0.053806
1 0.975085
1 0.637726
1 0.034401
1 0.988872
1 0.657946
1 0.997220
1 0.027859
1 0.994374
1 0.999364
1 0.999775
1 0.998451
1 0.976737
1 0.985688
1 0.997384
1 0.998894
1 0.114862
1 0.708267
1 0.254049
1 0.918434
1 0.610779
1 0.595082
1 0.950595
1 0.998300
1 0.011815
1 0.990808
1 0.601165
1 0.993419
1 0.080035
1 0.999343
1 0.757811
1 0.408107
1 0.023824
1 0.998225
1 0.999578
1 0.239607
1 0.064462
1 0.000693
1 0.999913
1 0.056561
1 0.154063
1 0.186429
1 0.227618
1 0.858728
1 0.915139
1 0.132817
1 0.872081
1 0.999696
1 0.443844
1 0.137037
1 0.996550
1 0.925368
1 0.993895
1 0.959517
1 0.419045
1 0.914385
1 0.999344
1 0.007312
1 0.003204
1 0.848517
1 0.824639
1 0.999084
1 0.997964
1 0.998550
1 0.032409
1 0.989969
1 0.999605
1 0.009793
1 0.040342
1 0.993301
1 0.999751
1 0.436378
1 0.984431
1 0.996463
1 0.964601
1 0.885554
1 0.943489
1 0.962594
1 0.061795
1 0.999828
1 0.996661
1 0.020907
1 0.990319
1 0.430975
1 0.010080
1 0.147522
1 0.864000
1 0.994820
1 0.999674
1 0.060873
1 0.989065
1 0.977558
1 0.068662
1 0.026155
1 0.999927
1 0.048718
1 0.719609
1 0.149718
1 0.712438
1 0.999700
1 0.949460
1 0.663707
1 0.093281
1 0.999302
1 0.953991
1 0.991858
1 0.974702
1 0.977788
1 0.999885
1 0.438978
1 0.992710
1 0.010597
1 0.999852
1 0.216934
1 0.999922
1 0.036919
1 0.751483
1 0.873322
1 0.999670
1 0.465933
1 0.461173
1 0.947113
1 0.078613
1 0.988482
1 0.255269
1 0.286712
1 0.999561
1 0.992081
1 0.374665
1 0.996076
1 0.862442
1 0.973492
1 0.999855
1 0.951863
1 0.013879
1 0.999739
1 0.981563
1 0.744286
1 0.971065
1 0.188972
1 0.044878
1 0.999475
1 0.998322
1 0.996347
1 0.588269
1 0.271351
1 0.030011
1 0.998709
1 0.082799
1 0.996550
1 0.020827
1 0.975123
1 0.987327
1 0.888025
1 0.741070
1 0.145782
1 0.970689
1 0.993468
1 0.980418
1 0.999453
1 0.804089
1 0.179800
1 0.998240
1 0.933933
1 0.540573
1 0.989199
1 0.859442
1 0.999677
1 0.674422
1 0.660442
1 0.633976
1 0.077974
1 0.997366
1 0.999481
1 0.999761
1 0.388808
1 0.962612
1 0.986767
1 0.006409
1 0.019676
1 0.953431
1 0.998496
1 0.901396
1 0.999499
1 0.997624
1 0.077153
1 0.999713
1 0.684758
1 0.202183
1 0.964822
1 0.895194
1 0.993813
1 0.995297
1 0.986315
1 0.051890
1 0.995089
1 0.968392
1 0.838354
1 0.995358
1 0.913436
1 0.602569
1 0.901643
1 0.996634
1 0.244388
1 0.338395
1 0.013776
1 0.798378
1 0.591755
1 0.996098
1 0.718192
1 0.500796
1 0.894096
1 0.902426
1 0.999185
1 0.269798
1 0.647726
1 0.061168
1 0.039574
1 0.994540
1 0.999732
1 0.049565
1 0.997960
1 0.021298
1 0.874432
1 0.034753
1 0.013670
1 0.994363
1 0.999566
1 0.994405
1 0.999464
1 0.997846
1 0.938447
1 0.796514
1 0.359950
1 0.745185
1 0.716031
1 0.996654
1 0.990333
1 0.996779
1 0.997519
1 0.372394
1 0.998678
1 0.993124
1 0.950723
1 0.031968
1 0.998591
1 0.960732
1 0.995853
1 0.970311
1 0.793586
1 0.998879
1 0.999620
1 0.994694
1 0.828528
1 0.999318
1 0.999810
1 0.897062
1 0.999650
1 0.999944
1 0.029039
1 0.989369
1 0.799656
1 0.631324
1 0.996627
1 0.359214
1 0.111333
1 0.268434
1 0.916151
1 0.062140
1 0.948435
1 0.996557
1 0.041037
1 0.007726
1 0.998128
1 0.455943
1 0.069117
1 0.253968
1 0.547603
1 0.994721
1 0.000614
1 0.855440
1 0.235374
1 0.998315
1 0.981874
1 0.999748
1 0.276748
1 0.998021
1 0.998523
1 0.999589
1 0.332047
1 0.011581
1 0.881551
1 0.424523
1 0.124889
1 0.059856
1 0.714501
1 0.996039
1 0.964152
1 0.744663
1 0.999777
1 0.999770
1 0.007958
1 0.999815
1 0.156092
1 0.048339
1 0.077628
1 0.998973
1 0.999788
1 0.296773
1 0.999071
1 0.984098
1 0.382355
1 0.995518
1 0.041859
1 0.990192
1 0.999581
1 0.999728
1 0.032504
1 0.998865
1 0.399655
1 0.862494
1 0.998100
1 0.016747
1 0.985728
1 0.216540
1 0.963657
1 0.999498
1 0.155854
1 0.999505
1 0.998205
1 0.998530
1 0.022046
1 0.983573
1 0.999620
1 0.992255
1 0.142270
1 0.885848
1 0.936152
1 0.996049
1 0.999933
1 0.654179
1 0.991266
1 0.062497
1 0.982211
1 0.014758
1 0.026764
1 0.086188
1 0.978455
1 0.016144
1 0.957207
1 0.988632
1 0.177456
1 0.995780
1 0.999405
1 0.991944
1 0.015907
1 0.932893
1 0.999992
1 0.804158
1 0.150157
1 0.285160
1 0.017427
1 0.182572
1 0.998894
1 0.985144
1 0.291257
1 0.278403
1 0.013176
1 0.954302
1 0.346943
1 0.991005
1 0.999845
1 0.753702
1 0.837502
1 0.024922
1 0.998310
1 0.999726
1 0.729361
1 0.131727
1 0.994874
1 0.998494
1 0.982224
1 0.011637
1 0.982997
1 0.995583
1 0.801617
1 0.800563
1 0.163338
1 0.999159
1 0.006361
1 0.188183
1 0.048323
1 0.032370
1 0.684333
1 0.062072
1 0.419402
1 0.461237
1 0.764821
1 0.986503
1 0.994930
1 0.794967
1 0.989992
1 0.984455
1 0.979331
1 0.975982
1 0.203490
1 0.004470
1 0.178480
1 0.856497
1 0.038904
1 0.032772
1 0.998322
1 0.807359
1 0.999678
1 0.980103
1 0.038195
1 0.879378
1 0.579710
1 0.941459
1 0.918790
1 0.521639
1 0.016245
1 0.924607
1 0.998990
1 0.371557
1 0.990294
1 0.999401
1 0.999106
1 0.151994
1 0.640947
1 0.503968
1 0.320135
1 0.913545
1 0.993938
1 0.035996
1 0.993115
1 0.010284
1 0.999744
1 0.031608
1 0.122469
1 0.981745
1 0.372513
1 0.003866
1 0.156219
1 0.020013
1 0.995568
1 0.837797
1 0.964815
1 0.957986
1 0.134572
1 0.998021
1 0.871410
1 0.438945
1 0.086580
1 0.041652
1 0.984702
1 0.011952
1 0.868237
1 0.946292
1 0.998222
1 0.999118
1 0.999768
1 0.996960
1 0.977973
1 0.028046
1 0.999406
1 0.023442
1 0.275789
1 0.024568
1 0.996973
1 0.995453
1 0.417295
1 0.980756
1 0.316654
1 0.873918
1 0.953008
1 0.999009
1 0.998737
1 0.857034
1 0.999301
1 0.275524
1 0.982787
1 0.847857
1 0.998473
1 0.965611
1 0.136512
1 0.578544
1 0.999914
1 0.990292
1 0.557264
1 0.363258
1 0.643871
1 0.914435
1 0.272380
1 0.978284
1 0.965960
1 0.968508
1 0.058785
1 0.052482
1 0.752872
1 0.312723
1 0.993010
1 0.999704
1 0.656446
1 0.470795
1 0.798445
1 0.990266
1 0.731113
1 0.998278
1 0.055529
1 0.996318
1 0.999929
1 0.955857
1 0.032937
1 0.576500
1 0.999295
1 0.999485
1 0.987324
1 0.998089
1 0.998747
1 0.061680
1 0.836173
1 0.015526
1 0.994642
1 0.042961
1 0.998607
1 0.400414
1 0.983604
1 0.997111
1 0.999085
1 0.759071
1 0.142782
1 0.998091
1 0.985610
1 0.970796
1 0.941788
1 0.985582
1 0.999250
1 0.152291
1 0.722242
1 0.017075
1 0.286326
1 0.994405
1 0.980304
1 0.122502
1 0.272120
1 0.997780
1 0.028911
1 0.999921
1 0.989569
1 0.143810
1 0.999095
1 0.397568
1 0.995730
1 0.765308
1 0.980154
1 0.999947
1 0.841681
1 0.999487
1 0.458673
1 0.875745
1 0.999412
1 0.996284
1 0.003722
1 0.979800
1 0.978830
1 0.845732
1 0.877472
1 0.478940
1 0.996929
1 0.997168
1 0.306247
1 0.005640
1 0.552628
1 0.529491
1 0.786677
1 0.229502
1 0.995345
1 0.988301
1 0.970748
1 0.981458
1 0.646750
1 0.986912
1 0.997422
1 0.783632
1 0.329765
1 0.909015
1 0.049010
1 0.018805
1 0.036151
1 0.991646
1 0.999512
1 0.987944
1 0.213934
1 0.878470
1 0.915905
1 0.996120
1 0.268614
1 0.002017
1 0.954708
1 0.949279
1 0.723497
1 0.008831
1 0.967337
1 0.970155
1 0.999579
1 0.999506
1 0.443971
1 0.009102
1 0.972727
1 0.989920
1 0.997125
1 0.139358
1 0.905124
1 0.613698
1 0.164747
1 0.968487
1 0.884905
1 0.037715
1 0.047504
1 0.091605
1 0.999929
1 0.905901
1 0.716385
1 0.999451
1 0.207175
1 0.984846
1 0.914226
1 0.638923
1 0.388375
1 0.011647
1 0.068183
1 0.999735
1 0.354161
1 0.999370
1 0.983144
1 0.758367
1 0.988562
1 0.993870
1 0.866373
1 0.054739
1 0.999299
1 0.113375
1 0.183332
1 0.998912
1 0.605106
1 0.961310
1 0.999478
1 0.821146
1 0.078736
1 0.125530
1 0.979646
1 0.052655
1 0.987754
1 0.046171
1 0.015226
1 0.963915
1 0.251570
1 0.031500
1 0.007345
1 0.276189
1 0.999087
1 0.139543
1 0.435198
1 0.915101
1 0.899320
1 0.850696
1 0.895792
1 0.989190
1 0.991515
1 0.013383
1 0.937669
1 0.999088
1 0.074766
1 0.398876
1 0.021557
1 0.236155
1 0.117144
1 0.973663
1 0.218474
1 0.965607
1 0.994542
1 0.998588
1 0.990235
1 0.997829
1 0.927079
1 0.352617
1 0.998452
1 0.999191
1 0.997292
1 0.999435
1 0.019779
1 0.810978
1 0.892459
1 0.999483
1 0.019924
1 0.449887
1 0.563566
1 0.269049
1 0.117393
1 0.998357
1 0.976867
1 0.344743
1 0.996657
1 0.030293
1 0.996040
1 0.495248
1 0.999492
1 0.720682
1 0.274199
1 0.995589
1 0.021800
1 0.123592
1 0.999651
1 0.998352
1 0.999866
1 0.980369
1 0.994364
1 0.105289
1 0.999005
1 0.993612
1 0.938533
1 0.995884
1 0.988705
1 0.995721
1 0.974755
1 0.033468
1 0.999840
1 0.999762
1 0.533545
1 0.985722
1 0.989506
1 0.999061
1 0.504029
1 0.305439
1 0.465230
1 0.634012
1 0.209254
1 0.025374
1 0.047160
1 0.995891
1 0.999054
1 0.996358
1 0.562949
1 0.030839
1 0.221611
1 0.998331
1 0.918407
1 0.999114
1 0.992841
1 0.999140
1 0.983250
1 0.399355
1 0.999247
1 0.741109
1 0.016836
1 0.981683
1 0.909711
1 0.999183
1 0.697453
1 0.996205
1 0.013121
1 0.995857
1 0.079185
1 0.283662
1 0.998468
1 0.060841
1 0.047774
1 0.003896
1 0.999367
1 0.999199
1 0.041361
1 0.548919
1 0.962412
1 0.858402
1 0.034015
1 0.497455
1 0.996496
1 0.991892
1 0.538102
1 0.017309
1 0.108696
1 0.999101
1 0.919910
1 0.012279
1 0.039177
1 0.862941
1 0.783618
1 0.998489
1 0.991267
1 0.978077
1 0.674126
1 0.905796
1 0.991163
1 0.537188
1 0.855691
1 0.999514
1 0.990050
1 0.311077
1 0.373183
1 0.999912
1 0.998795
1 0.019950
1 0.393566
1 0.231680
1 0.983314
1 0.999414
1 0.030546
1 0.881542
1 0.972467
1 0.373707
1 0.770190
1 0.051417
1 0.998635
1 0.758293
1 0.053218
1 0.042210
1 0.996855
1 0.961756
1 0.018801
1 0.998740
1 0.038717
1 0.218418
1 0.954457
1 0.678951
1 0.943946
1 0.145188
1 0.451834
1 0.228922
1 0.026866
1 0.996043
1 0.205188
1 0.899824
1 0.973724
1 0.927580
1 0.994901
1 0.745346
1 0.495322
1 0.038569
1 0.196030
1 0.014472
1 0.006987
1 0.972159
1 0.998014
1 0.985600
1 0.016658
1 0.044011
1 0.003892
1 0.961943
1 0.116136
1 0.741695
1 0.956577
1 0.162708
1 0.141573
1 0.998505
1 0.615176
1 0.009673
1 0.972033
1 0.867598
1 0.114581
1 0.018935
1 0.990189
1 0.999840
1 0.989975
1 0.999186
1 0.381361
1 0.999292
1 0.306811
1 0.995576
1 0.781113
1 0.997684
1 0.997735
1 0.998931
1 0.771943
1 0.999956
1 0.276648
1 0.882017
1 0.995577
1 0.024085
1 0.145609
1 0.999378
1 0.925001
1 0.995998
1 0.998818
1 0.007438
1 0.999627
1 0.978996
1 0.769468
1 0.148706
1 0.017801
1 0.999161
1 0.997418
1 0.074179
1 0.969988
1 0.987363
1 0.982080
1 0.014367
1 0.999390
1 0.021801
1 0.637764
1 0.010764
1 0.750818
1 0.998912
1 0.998202
1 0.991740
1 0.843916
1 0.992070
1 0.963188
1 0.643617
1 0.995764
1 0.997652
1 0.050894
1 0.003147
1 0.105288
1 0.110758
1 0.995645
1 0.996872
1 0.031860
1 0.896786
1 0.956655
1 0.203475
1 0.850363
1 0.960736
1 0.938910
1 0.321281
1 0.995146
1 0.528381
1 0.013044
1 0.721982
1 0.014882
1 0.050551
1 0.997843
1 0.968700
1 0.999429
1 0.021431
1 0.997831
1 0.790611
1 0.948301
1 0.918618
1 0.079999
1 0.992236
1 0.065239
1 0.844688
1 0.004363
1 0.998786
1 0.991609
1 0.299877
1 0.004922
1 0.999982
1 0.999432
1 0.998053
1 0.994871
1 0.620140
1 0.915970
1 0.845758
1 0.165072
1 0.996687
1 0.999454
1 0.938509
1 0.367232
1 0.871792
1 0.983690
1 0.998050
1 0.140004
1 0.912825
1 0.213382
1 0.870818
1 0.180894
1 0.846162
1 0.997359
1 0.830269
1 0.452809
1 0.179102
1 0.248237
1 0.999630
1 0.095161
1 0.993021
1 0.998776
1 0.529708
1 0.998912
1 0.996759
1 0.998061
1 0.641936
1 0.955433
1 0.968035
1 0.310143
1 0.999288
1 0.985849
1 0.387300
1 0.999731
1 0.668346
1 0.023589
1 0.993464
1 0.996394
1 0.999261
1 0.994379
1 0.985596
1 0.981905
1 0.003511
1 0.535387
1 0.998976
1 0.911283
1 0.990115
1 0.015392
1 0.876138
1 0.974379
1 0.328168
1 0.032020
1 0.990013
1 0.996224
1 0.697700
1 0.983351
1 0.040817
1 0.999855
1 0.658985
1 0.773642
1 0.701234
1 0.921620
1 0.684151
1 0.895893
1 0.085466
1 0.996537
1 0.982161
1 0.950086
1 0.988811
1 0.981127
1 0.852293
1 0.997907
1 0.998874
1 0.998564
1 0.995720
1 0.999951
1 0.996703
1 0.999269
1 0.105850
1 0.275900
1 0.997939
1 0.006681
1 0.794781
1 0.370034
1 0.902009
1 0.996289
1 0.282124
1 0.948776
1 0.011791
1 0.774833
1 0.057890
1 0.977239
1 0.996260
1 0.998301
1 0.998024
1 0.897757
1 0.135218
1 0.329779
1 0.146799
1 0.998716
1 0.854471
1 0.965592
1 0.093632
1 0.999467
1 0.980873
1 0.993155
1 0.941279
1 0.788490
1 0.994480
1 0.999833
1 0.999865
1 0.982453
1 0.185414
1 0.999174
1 0.640343
1 0.018382
1 0.979675
1 0.997279
1 0.998502
1 0.961676
1 0.999376
1 0.580884
1 0.181829
1 0.802255
1 0.986417
1 0.094791
1 0.994424
1 0.011810
1 0.999392
1 0.519105
1 0.999080
1 0.926293
1 0.189358
1 0.385202
1 0.056742
1 0.993405
1 0.997869
1 0.474072
1 0.998886
1 0.741646
1 0.999943
1 0.030973
1 0.991007
1 0.996511
1 0.943752
1 0.154271
1 0.991155
1 0.996133
1 0.253440
1 0.972417
1 0.031200
1 0.761694
1 0.007580
1 0.140077
1 0.932299
1 0.986246
1 0.980298
1 0.988006
1 0.998589
1 0.999782
1 0.076560
1 0.675346
1 0.994330
1 0.143205
1 0.760972
1 0.952618
1 0.572037
1 0.995516
1 0.459010
1 0.998892
1 0.990783
1 0.999919
1 0.003946
1 0.964276
1 0.509921
1 0.999422
1 0.999642
1 0.994293
1 0.082826
1 0.667273
1 0.998414
1 0.944775
1 0.681214
1 0.992621
1 0.999603
1 0.041462
1 0.996434
1 0.738493
1 0.964089
1 0.837349
1 0.999272
1 0.304732
1 0.988821
1 0.967756
1 0.648606
1 0.318180
1 0.991725
1 0.986740
1 0.908591
1 0.860752
1 0.986745
1 0.893077
1 0.986683
1 0.194900
1 0.200708
1 0.936454
1 0.788476
1 0.350418
1 0.042468
1 0.208026
1 0.246627
1 0.982698
1 0.974844
1 0.970217
1 0.109595
1 0.998348
1 0.108664
1 0.999354
1 0.515845
1 0.959016
1 0.963661
1 0.961509
1 0.998101
1 0.985076
1 0.997840
1 0.999570
1 0.998892
1 0.999662
1 0.999825
1 0.339468
1 0.925438
1 0.706391
1 0.773542
1 0.999872
1 0.999092
1 0.086392
1 0.902412
1 0.144818
1 0.999686
1 0.951708
1 0.996482
1 0.995961
1 0.997907
1 0.991114
1 0.654643
1 0.986112
1 0.998868
1 0.999632
1 0.999672
1 0.999672
1 0.667267
1 0.995990
1 0.709806
1 0.024129
1 0.975859
1 0.844220
1 0.016519
1 0.998891
1 0.137148
1 0.996734
1 0.526310
1 0.786348
1 0.996272
1 0.980607
1 0.996866
1 0.997370
1 0.996045
1 0.997628
1 0.999435
1 0.877324
1 0.209457
1 0.634212
1 0.998438
1 0.435638
1 0.998040
1 0.991430
1 0.975967
1 0.999384
1 0.092337
1 0.998392
1 0.996505
1 0.403872
1 0.041537
1 0.967575
1 0.476467
1 0.998910
1 0.999930
1 0.999609
1 0.993700
1 0.026631
1 0.048262
1 0.805351
1 0.166408
1 0.994872
1 0.935469
1 0.006083
1 0.995743
1 0.502707
1 0.009938
1 0.999827
1 0.306942
1 0.997182
1 0.993582
1 0.991683
1 0.942527
1 0.102009
1 0.080517
1 0.996092
1 0.430838
1 0.963132
1 0.060700
1 0.973203
1 0.999428
1 0.355016
1 0.032393
1 0.998986
1 0.399886
1 0.801447
1 0.484881
1 0.999885
1 0.989877
1 0.392716
1 0.965954
1 0.997287
1 0.470483
1 0.204949
1 0.424771
1 0.142406
1 0.922322
1 0.080655
1 0.818904
1 0.999549
1 0.999304
1 0.984390
1 0.993108
1 0.998661
1 0.191771
1 0.053555
1 0.998801
1 0.984834
1 0.995375
1 0.999271
1 0.813891
1 0.178181
1 0.886356
1 0.758005
1 0.571536
1 0.998334
1 0.995597
1 0.996552
1 0.389241
1 0.999874
1 0.998213
1 0.512232
1 0.997370
1 0.533149
1 0.022050
1 0.998183
1 0.993297
1 0.998814
1 0.633959
1 0.990713
1 0.793120
1 0.025100
1 0.061264
1 0.009885
1 0.983994
1 0.999417
1 0.998471
1 0.999669
1 0.286710
1 0.990428
1 0.997773
1 0.999264
1 0.999881
1 0.056816
1 0.893262
1 0.037446
1 0.013260
1 0.849928
1 0.007705
1 0.999543
1 0.054107
1 0.998725
1 0.994417
1 0.999762
1 0.999749
1 0.990464
1 0.996474
1 0.126368
1 0.990241
1 0.996123
1 0.993854
1 0.127628
1 0.998971
1 0.999887
1 0.940545
1 0.209137
1 0.992494
1 0.649620
1 0.998916
1 0.999833
1 0.998444
1 0.997095
1 0.996673
1 0.968405
1 0.012811
1 0.982417
1 0.969042
1 0.995641
1 0.998179
1 0.678189
1 0.379710
1 0.837328
1 0.999102
1 0.827983
1 0.258890
1 0.029388
1 0.038747
1 0.996893
1 0.903277
1 0.242910
1 0.791733
1 0.985069
1 0.025240
1 0.982570
1 0.999188
1 0.982322
1 0.956026
1 0.992130
1 0.513803
1 0.191215
1 0.996499
1 0.998651
1 0.040281
1 0.403334
1 0.057592
1 0.274124
1 0.102445
1 0.025136
1 0.967422
1 0.999143
1 0.052318
1 0.999740
1 0.989249
1 0.997913
1 0.990977
1 0.388530
1 0.990974
1 0.978064
1 0.995759
1 0.723023
1 0.967496
1 0.024347
1 0.999932
1 0.999581
1 0.000441
1 0.926795
1 0.995828
1 0.013894
1 0.997528
1 0.989285
1 0.036340
1 0.748090
1 0.017645
1 0.993607
1 0.971546
1 0.544488
1 0.015441
1 0.992441
1 0.998204
1 0.115295
1 0.999487
1 0.038175
1 0.817606
1 0.969163
1 0.068599
1 0.972898
1 0.995056
1 0.026214
1 0.998933
1 0.999756
1 0.231500
1 0.996964
1 0.990703
1 0.998652
1 0.999885
1 0.989775
1 0.934151
1 0.012041
1 0.334925
1 0.994393
1 0.998490
1 0.028167
1 0.996695
1 0.520233
1 0.998178
1 0.995342
1 0.987799
1 0.937936
1 0.999848
1 0.467341
1 0.997908
1 0.973201
1 0.982962
1 0.105324
1 0.985672
1 0.167681
1 0.998362
1 0.976308
1 0.997161
1 0.613203
1 0.682183
1 0.831010
1 0.999975
1 0.002879
1 0.992893
1 0.960457
1 0.230668
1 0.111408
1 0.996943
1 0.979109
1 0.898235
1 0.010334
1 0.994834
1 0.998177
1 0.174836
1 0.965549
1 0.038040
1 0.980958
1 0.031319
1 0.959887
1 0.003152
1 0.998640
1 0.990565
1 0.858857
1 0.966398
1 0.998644
1 0.973557
1 0.998721
1 0.996808
1 0.999690
1 0.968235
1 0.993092
1 0.977876
1 0.998636
1 0.971549
1 0.100875
1 0.999600
1 0.997996
1 0.999855
1 0.997772
1 0.189718
1 0.002595
1 0.046463
1 0.975331
1 0.199637
1 0.998137
1 0.041101
1 0.019819
1 0.111376
1 0.982217
1 0.028601
1 0.013031
1 0.004603
1 0.999657
1 0.994253
1 0.867963
1 0.927835
1 0.999503
1 0.990346
1 0.986188
1 0.995418
1 0.997630
1 0.988057
1 0.927639
1 0.023392
1 0.992907
1 0.263804
1 0.011422
1 0.009618
1 0.999440
1 0.102709
1 0.999573
1 0.963203
1 0.996128
1 0.399261
1 0.998139
1 0.973712
1 0.991561
1 0.940737
1 0.376457
1 0.999581
1 0.900504
1 0.997809
1 0.992156
1 0.993199
1 0.031753
1 0.967583
1 0.999679
1 0.993932
1 0.459762
1 0.021373
1 0.967073
1 0.999629
1 0.004343
1 0.999942
1 0.045173
1 0.998946
1 0.999320
1 0.998953
1 0.957815
1 0.975807
1 0.999694
1 0.012824
1 0.998896
1 0.249500
1 0.086024
1 0.995395
1 0.031312
1 0.986629
1 0.998958
1 0.566900
1 0.963941
1 0.637884
1 0.995250
1 0.996039
1 0.099242
1 0.998057
1 0.584333
1 0.939023
1 0.996080
1 0.949359
1 0.155802
1 0.997053
1 0.699499
1 0.993497
1 0.695448
1 0.997877
1 0.987831
1 0.045040
1 0.991388
1 0.654316
1 0.999431
1 0.998870
1 0.998511
1 0.998504
1 0.990598
1 0.150522
1 0.996205
1 0.999378
1 0.946847
1 0.004780
1 0.992559
1 0.992651
1 0.133398
1 0.768620
1 0.995889
1 0.026164
1 0.640221
1 0.371560
1 0.972669
1 0.916607
1 0.006166
1 0.412355
1 0.899989
1 0.998904
1 0.017872
1 0.070083
1 0.996560
1 0.719326
1 0.017311
1 0.940165
1 0.998810
1 0.552659
1 0.999954
1 0.930865
1 0.165530
1 0.984749
1 0.012233
1 0.987993
1 0.698564
1 0.641931
1 0.994905
1 0.987134
1 0.997804
1 0.992798
1 0.063093
1 0.057570
1 0.999793
1 0.002567
1 0.999750
1 0.999974
1 0.164567
1 0.460527
1 0.937952
1 0.972386
1 0.991769
1 0.607605
1 0.848226
1 0.995108
1 0.938002
1 0.684377
1 0.196984
1 0.991616
1 0.964589
1 0.003929
1 0.999756
1 0.853243
1 0.999750
1 0.836092
1 0.999608
1 0.668313
1 0.999629
1 0.083676
1 0.994682
1 0.947746
1 0.113630
1 0.612718
1 0.236057
1 0.943295
1 0.030796
1 0.010216
1 0.997161
1 0.992847
1 0.999138
1 0.998847
1 0.999902
1 0.004709
1 0.374938
1 0.164250
1 0.933641
1 0.928287
1 0.331067
1 0.051694
1 0.040158
1 0.997809
1 0.991582
1 0.896254
1 0.653782
1 0.992471
1 0.992260
1 0.810551
1 0.071386
1 0.879329
1 0.987325
1 0.996315
1 0.984615
1 0.968358
1 0.587952
1 0.978648
1 0.994864
1 0.995112
1 0.823259
1 0.198191
1 0.047103
1 0.999782
1 0.997518
1 0.973320
1 0.998510
1 0.776643
1 0.683064
1 0.920137
1 0.283826
1 0.999294
1 0.013321
1 0.948764
1 0.999953
1 0.945439
1 0.009015
1 0.372325
1 0.217533
1 0.157679
1 0.999781
1 0.620812
1 0.506917
1 0.997737
1 0.015051
1 0.013691
1 0.978416
1 0.047673
1 0.967260
1 0.427027
1 0.268814
1 0.998697
1 0.123799
1 0.967272
1 0.986864
1 0.999755
1 0.998762
1 0.162620
1 0.999466
1 0.037828
1 0.001950
1 0.996111
1 0.999949
1 0.053141
1 0.999912
1 0.929959
1 0.152316
1 0.998504
1 0.979471
1 0.485880
1 0.661517
1 0.997322
1 0.270871
1 0.752141
1 0.983867
1 0.982876
1 0.489548
1 0.999470
1 0.950378
1 0.218422
1 0.952139
1 0.993751
1 0.994764
1 0.999872
1 0.018888
1 0.043324
1 0.008309
1 0.347658
1 0.099256
1 0.133046
1 0.998802
1 0.967054
1 0.009353
1 0.368801
1 0.453106
1 0.999458
1 0.017008
1 0.977808
1 0.999953
1 0.993654
1 0.176278
1 0.999542
1 0.987329
1 0.860515
1 0.555921
1 0.999722
1 0.627140
1 0.861688
1 0.144244
1 0.756559
1 0.002726
1 0.063605
1 0.098920
1 0.931152
1 0.192181
1 0.984992
1 0.140421
1 0.999828
1 0.068821
1 0.997254
1 0.754182
1 0.837251
1 0.667324
1 0.429772
1 0.994771
1 0.416955
1 0.190711
1 0.640706
1 0.688236
1 0.992981
1 0.974814
1 0.999456
1 0.948234
1 0.994241
1 0.997923
1 0.996968
1 0.999810
1 0.997022
1 0.993510
1 0.009373
1 0.999455
1 0.998387
1 0.267549
1 0.010661
1 0.989546
1 0.092419
1 0.997848
1 0.624634
1 0.541271
1 0.991284
1 0.999405
1 0.998721
1 0.182143
1 0.293865
1 0.702062
1 0.921824
1 0.996700
1 0.995133
1 0.983503
1 0.993684
1 0.387849
1 0.977869
1 0.034653
1 0.998102
1 0.066340
1 0.979245
1 0.357808
1 0.998734
1 0.996521
1 0.021649
1 0.708278
1 0.234675
1 0.995921
1 0.996912
1 0.999572
1 0.989819
1 0.999655
1 0.855118
1 0.999149
1 0.977123
1 0.883973
1 0.072238
1 0.993091
1 0.987118
1 0.991837
1 0.873860
1 0.999325
1 0.076305
1 0.999873
1 0.095284
1 0.976765
1 0.935977
1 0.999525
1 0.994959
1 0.950385
1 0.085215
1 0.804768
1 0.993613
1 0.994272
1 0.011886
1 0.406900
1 0.461082
1 0.003404
1 0.278668
1 0.995855
1 0.988584
1 0.998263
1 0.188777
1 0.986722
1 0.921005
1 0.013340
1 0.992381
1 0.031120
1 0.999738
1 0.190980
1 0.998203
1 0.999318
1 0.992941
1 0.907382
1 0.999460
1 0.944115
1 0.498642
1 0.785352
1 0.982199
1 0.896935
1 0.189365
1 0.781820
1 0.557577
1 0.769069
1 0.999877
1 0.992347
1 0.489672
1 0.981358
1 0.970325
1 0.998903
1 0.014923
1 0.998831
1 0.999938
1 0.956893
1 0.999198
1 0.999710
1 0.924587
1 0.823735
1 0.996396
1 0.947653
1 0.489492
1 0.990390
1 0.468006
1 0.883679
1 0.518047
1 0.056850
1 0.079858
1 0.997476
1 0.676893
1 0.993315
1 0.986716
1 0.009601
1 0.994877
1 0.998183
1 0.988724
1 0.019997
1 0.982160
1 0.961194
1 0.114804
1 0.008851
1 0.007029
1 0.999937
1 0.853834
1 0.992438
1 0.819029
1 0.013469
1 0.379637
1 0.999555
1 0.999704
1 0.998412
1 0.984673
1 0.254472
1 0.293751
1 0.998863
1 0.999575
1 0.709979
1 0.999612
1 0.999205
1 0.999264
1 0.939176
1 0.038596
1 0.386501
1 0.976185
1 0.997439
1 0.989054
1 0.982572
1 0.025911
1 0.999468
1 0.995834
1 0.344066
1 0.904726
1 0.966190
1 0.999481
1 0.999259
1 0.002900
1 0.998227
1 0.977193
1 0.046590
1 0.999471
1 0.980769
1 0.980570
1 0.999193
1 0.998777
1 0.958722
1 0.985280
1 0.517993
1 0.992433
1 0.952001
1 0.040531
1 0.679839
1 0.990367
1 0.069293
1 0.989174
1 0.271695
1 0.181197
1 0.993883
1 0.027883
1 0.998379
1 0.998838
1 0.999313
1 0.459659
1 0.999463
1 0.987752
1 0.910799
1 0.957179
1 0.987211
1 0.015152
1 0.995762
1 0.595735
1 0.920369
1 0.999473
1 0.356860
1 0.993651
1 0.974596
1 0.999772
1 0.997334
1 0.994975
1 0.997853
1 0.959441
1 0.964643
1 0.457687
1 0.270599
1 0.174073
1 0.108413
1 0.496882
1 0.890945
1 0.100123
1 0.992001
1 0.337176
1 0.965390
1 0.389981
1 0.994866
1 0.934734
1 0.004325
1 0.994046
1 0.177233
1 0.997861
1 0.957713
1 0.032080
1 0.023495
1 0.006671
1 0.997724
1 0.798701
1 0.983474
1 0.991523
1 0.030982
1 0.748291
1 0.032046
1 0.996787
1 0.999385
1 0.014096
1 0.004649
1 0.376836
1 0.996193
1 0.997187
1 0.997581
1 0.138241
1 0.991114
1 0.997936
1 0.717903
1 0.998352
1 0.874938
1 0.998863
1 0.351997
1 0.996815
1 0.012276
1 0.883464
1 0.020189
1 0.691676
1 0.309840
1 0.999897
1 0.918903
1 0.016043
1 0.031706
1 0.996039
1 0.999781
1 0.587592
1 0.648593
1 0.116835
1 0.999561
1 0.993118
1 0.998825
1 0.865822
1 0.970493
1 0.116484
1 0.994790
1 0.969645
1 0.003724
1 0.983709
1 0.998173
1 0.966465
1 0.997186
1 0.959095
1 0.996447
1 0.938179
1 0.927214
1 0.999593
1 0.930227
1 0.027763
1 0.983095
1 0.015812
1 0.999220
1 0.966792
1 0.108405
1 0.999804
1 0.089825
1 0.025281
1 0.874296
1 0.960838
1 0.012785
1 0.998330
1 0.954016
1 0.985338
1 0.010513
1 0.302611
1 0.764394
1 0.995383
1 0.907684
1 0.997917
1 0.897318
1 0.999784
1 0.868654
1 0.863508
1 0.999416
1 0.984949
1 0.998964
1 0.999859
1 0.999812
1 0.245647
1 0.144786
1 0.996896
1 0.999284
1 0.999585
1 0.997771
1 0.277343
1 0.996897
1 0.996164
1 0.996108
1 0.999863
1 0.890769
1 0.980953
1 0.248935
1 0.933045
1 0.539895
1 0.265693
1 0.976893
1 0.940442
1 0.623380
1 0.464321
1 0.969746
1 0.884010
1 0.990506
1 0.997420
1 0.794988
1 0.175565
1 0.824887
1 0.124398
1 0.165287
1 0.032493
1 0.446462
1 0.995203
1 0.982281
1 0.523692
1 0.992526
1 0.998310
1 0.424875
1 0.981674
1 0.995637
1 0.999895
1 0.983436
1 0.008068
1 0.995980
1 0.604232
1 0.994977
1 0.814086
1 0.965296
1 0.421789
1 0.951089
1 0.998620
1 0.009264
1 0.849436
1 0.202836
1 0.962474
1 0.745239
1 0.101982
1 0.097615
1 0.999914
1 0.998676
1 0.983146
1 0.984908
1 0.935085
1 0.999844
1 0.324361
1 0.972029
1 0.991886
1 0.744118
1 0.999937
1 0.999759
1 0.999306
1 0.185130
1 0.046871
1 0.007559
1 0.279318
1 0.029657
1 0.463206
1 0.045864
1 0.999786
1 0.174342
1 0.986580
1 0.836010
1 0.996279
1 0.022703
1 0.083230
1 0.834243
1 0.999572
1 0.153694
1 0.435100
1 0.028554
1 0.412954
1 0.999208
1 0.995582
1 0.010073
1 0.999825
1 0.995558
1 0.999842
1 0.997504
1 0.535543
1 0.514184
1 0.456175
1 0.998603
1 0.000712
1 0.991306
1 0.047095
1 0.998179
1 0.068563
1 0.892148
1 0.276858
1 0.999329
1 0.992596
1 0.381817
1 0.999431
1 0.999800
1 0.998702
1 0.999431
1 0.974608
1 0.999770
1 0.953369
1 0.977854
1 0.995742
1 0.987669
1 0.998722
1 0.995779
1 0.163606
1 0.900427
1 0.432347
1 0.002095
1 0.998386
1 0.998592
1 0.999758
1 0.994187
1 0.773063
1 0.610741
1 0.028090
1 0.262517
1 0.954232
1 0.994970
