0 0.116699
0 0.000400
0 0.000251
0 0.002694
0 0.016206
0 0.009994
0 0.049017
0 0.033474
0 0.115308
0 0.012452
0 0.065643
0 0.000740
0 0.045353
0 0.222227
0 0.002699
0 0.000883
0 0.000052
0 0.003793
0 0.001178
0 0.000000
0 0.000092
0 0.003562
0 0.005349
0 0.007851
0 0.002057
0 0.001974
0 0.290499
0 0.130995
0 0.390806
0 0.036251
0 0.002889
0 0.001358
0 0.000007
0 0.000051
0 0.000652
0 0.000548
0 0.010571
0 0.000088
0 0.001479
0 0.040100
0 0.527582
0 0.000231
0 0.013373
0 0.001780
0 0.006033
0 0.079601
0 0.000017
0 0.000563
0 0.031140
0 0.000525
0 0.070095
0 0.015407
0 0.019758
0 0.002662
0 0.012480
0 0.002402
0 0.001620
0 0.007098
0 0.099125
0 0.009456
0 0.161373
0 0.022936
0 0.001046
0 0.003722
0 0.817970
0 0.032592
0 0.009633
0 0.001582
0 0.938387
0 0.000617
0 0.005955
0 0.004070
0 0.021661
0 0.008930
0 0.000049
0 0.047795
0 0.207475
0 0.000219
0 0.001546
0 0.000057
0 0.000148
0 0.151163
0 0.008009
0 0.002796
0 0.006581
0 0.000028
0 0.006458
0 0.002199
0 0.000169
0 0.004136
0 0.004711
0 0.000669
0 0.000961
0 0.000013
0 0.006135
0 0.000932
0 0.192883
0 0.027520
0 0.088865
0 0.001172
0 0.000063
0 0.000625
0 0.167462
0 0.084742
0 0.000050
0 0.001284
0 0.306926
0 0.028528
0 0.004430
0 0.000001
0 0.000283
0 0.000622
0 0.051455
0 0.024489
0 0.001110
0 0.000138
0 0.009637
0 0.008096
0 0.000019
0 0.000002
0 0.042473
0 0.006573
0 0.023248
0 0.016290
0 0.026667
0 0.000001
0 0.048230
0 0.149881
0 0.005184
0 0.000189
0 0.189140
0 0.055856
0 0.000026
0 0.009193
0 0.000223
0 0.000066
0 0.034583
0 0.005840
0 0.035788
0 0.076019
0 0.000509
0 0.003338
0 0.066581
0 0.000236
0 0.000929
0 0.002763
0 0.003460
0 0.008380
0 0.000017
0 0.000048
0 0.124955
0 0.000055
0 0.004176
0 0.010379
0 0.164431
0 0.000012
0 0.006612
0 0.000161
0 0.187245
0 0.000177
0 0.000119
0 0.002491
0 0.000034
0 0.000274
0 0.059904
0 0.004434
0 0.000297
0 0.034040
0 0.009272
0 0.000261
0 0.001209
0 0.002192
0 0.005751
0 0.000786
0 0.310546
0 0.005045
0 0.100505
0 0.004447
0 0.000498
0 0.004625
0 0.029881
0 0.000014
0 0.000330
0 0.016741
0 0.000010
0 0.100414
0 0.331890
0 0.016529
0 0.000558
0 0.003186
0 0.002611
0 0.003784
0 0.009804
0 0.001669
0 0.002162
0 0.106299
0 0.000113
0 0.001048
0 0.003384
0 0.011079
0 0.461259
0 0.006838
0 0.026487
0 0.000609
0 0.000222
0 0.017828
0 0.001102
0 0.006478
0 0.001037
0 0.019157
0 0.009988
0 0.000933
0 0.000004
0 0.000164
0 0.000561
0 0.069354
0 0.263723
0 0.202924
0 0.016450
0 0.000549
0 0.104596
0 0.002882
0 0.005563
0 0.000094
0 0.003333
0 0.098004
0 0.000022
0 0.011949
0 0.041972
0 0.000782
0 0.000307
0 0.000795
0 0.000232
0 0.000124
0 0.349138
0 0.000892
0 0.003932
0 0.006996
0 0.008403
0 0.000103
0 0.000007
0 0.000101
0 0.000402
0 0.000417
0 0.004605
0 0.113172
0 0.001416
0 0.006124
0 0.000285
0 0.003671
0 0.001845
0 0.000460
0 0.000408
0 0.000000
0 0.004916
0 0.000234
0 0.063670
0 0.060010
0 0.132874
0 0.000754
0 0.001369
0 0.000547
0 0.019499
0 0.000012
0 0.005540
0 0.628109
0 0.001490
0 0.000911
0 0.000206
0 0.030177
0 0.000464
0 0.000339
0 0.000031
0 0.012525
0 0.038423
0 0.044778
0 0.000028
0 0.003459
0 0.000616
0 0.001623
0 0.000933
0 0.004599
0 0.007494
0 0.036570
0 0.031402
0 0.040759
0 0.528315
0 0.000020
0 0.254239
0 0.013584
0 0.010190
0 0.000012
0 0.011934
0 0.082075
0 0.000258
0 0.024056
0 0.357440
0 0.080159
0 0.006429
0 0.000054
0 0.363066
0 0.003076
0 0.006191
0 0.002103
0 0.014203
0 0.027998
0 0.006794
0 0.277185
0 0.000502
0 0.004585
0 0.000000
0 0.028500
0 0.012484
0 0.005287
0 0.007077
0 0.000197
0 0.054516
0 0.018158
0 0.000000
0 0.001218
0 0.018947
0 0.069288
0 0.000553
0 0.000056
0 0.000035
0 0.009162
0 0.030152
0 0.002697
0 0.002121
0 0.001183
0 0.003132
0 0.000079
0 0.000046
0 0.003493
0 0.128732
0 0.001753
0 0.000005
0 0.000293
0 0.000055
0 0.000104
0 0.000005
0 0.051268
0 0.090765
0 0.000223
0 0.002076
0 0.000640
0 0.018016
0 0.001511
0 0.000207
0 0.000542
0 0.158204
0 0.024176
0 0.001010
0 0.000161
0 0.180660
0 0.156934
0 0.001460
0 0.025554
0 0.000002
0 0.003379
0 0.000000
0 0.014939
0 0.248133
0 0.005330
0 0.278774
0 0.000633
0 0.000569
0 0.000852
0 0.023368
0 0.016196
0 0.012821
0 0.015022
0 0.000028
0 0.132410
0 0.027720
0 0.276959
0 0.000649
0 0.003710
0 0.008067
0 0.000035
0 0.000061
0 0.003070
0 0.000404
0 0.009306
0 0.002893
0 0.000450
0 0.005573
0 0.007967
0 0.000858
0 0.000158
0 0.007402
0 0.000015
0 0.244405
0 0.065205
0 0.000121
0 0.312049
0 0.025091
0 0.000566
0 0.000264
0 0.000311
0 0.289219
0 0.348139
0 0.017676
0 0.787493
0 0.065641
0 0.004303
0 0.035139
0 0.005288
0 0.000132
0 0.000128
0 0.016889
0 0.013083
0 0.000142
0 0.027262
0 0.001482
0 0.079860
0 0.010452
0 0.000149
0 0.001409
0 0.002270
0 0.003932
0 0.003424
0 0.023260
0 0.018470
0 0.001910
0 0.096308
0 0.004746
0 0.108860
0 0.000086
0 0.007579
0 0.004464
0 0.003800
0 0.014843
0 0.260352
0 0.001805
0 0.004868
0 0.003776
0 0.000065
0 0.014676
0 0.068198
0 0.001733
0 0.000478
0 0.032513
0 0.090845
0 0.016078
0 0.000617
0 0.000073
0 0.299912
0 0.338722
0 0.012925
0 0.199841
0 0.000000
0 0.000138
0 0.042043
0 0.000793
0 0.000011
0 0.000143
0 0.030456
0 0.013802
0 0.000396
0 0.003979
0 0.003310
0 0.015003
0 0.000387
0 0.001033
0 0.066293
0 0.951322
0 0.003942
0 0.000082
0 0.012601
0 0.003571
0 0.000134
0 0.003469
0 0.029807
0 0.000108
0 0.006797
0 0.010406
0 0.001360
0 0.266701
0 0.002007
0 0.000216
0 0.000606
0 0.001165
0 0.000195
0 0.016485
0 0.000684
0 0.000005
0 0.000317
0 0.000279
0 0.000216
0 0.016663
0 0.000106
0 0.002109
0 0.012738
0 0.020057
0 0.000027
0 0.004319
0 0.000006
0 0.002860
0 0.000077
0 0.464183
0 0.019424
0 0.145416
0 0.025990
0 0.014255
0 0.003703
0 0.005157
0 0.041590
0 0.047804
0 0.000006
0 0.000434
0 0.004864
0 0.002988
0 0.001364
0 0.036950
0 0.100408
0 0.002795
0 0.493073
0 0.020518
0 0.000173
0 0.221111
0 0.007012
0 0.001821
0 0.000007
0 0.020642
0 0.001732
0 0.000001
0 0.002725
0 0.000030
0 0.003770
0 0.008702
0 0.000098
0 0.030890
0 0.005561
0 0.012813
0 0.016178
0 0.000022
0 0.000121
0 0.000265
0 0.000142
0 0.008535
0 0.000810
0 0.176340
0 0.058087
0 0.002641
0 0.003774
0 0.012791
0 0.000037
0 0.024277
0 0.005813
0 0.000149
0 0.000028
0 0.007289
0 0.002936
0 0.014117
0 0.012016
0 0.004920
0 0.082315
0 0.063282
0 0.004082
0 0.128202
0 0.000852
0 0.002783
0 0.013619
0 0.000290
0 0.000081
0 0.000505
0 0.000016
0 0.004461
0 0.000446
0 0.032602
0 0.012168
0 0.000285
0 0.002963
0 0.002011
0 0.000187
0 0.000089
0 0.000305
0 0.006051
0 0.000007
0 0.000218
0 0.238640
0 0.402743
0 0.681783
0 0.000270
0 0.017996
0 0.008809
0 0.000070
0 0.001032
0 0.065305
0 0.398038
0 0.001424
0 0.000139
0 0.021557
0 0.800162
0 0.033721
0 0.009401
0 0.000229
0 0.003387
0 0.007874
0 0.004390
0 0.151284
0 0.002350
0 0.000258
0 0.001009
0 0.000554
0 0.000042
0 0.001889
0 0.012058
0 0.014032
0 0.000016
0 0.000025
0 0.001534
0 0.009859
0 0.000016
0 0.006671
0 0.013001
0 0.000075
0 0.001538
0 0.365609
0 0.000787
0 0.000083
0 0.040127
0 0.000599
0 0.000544
0 0.003390
0 0.000012
0 0.016029
0 0.163268
0 0.029642
0 0.000825
0 0.000002
0 0.000226
0 0.000419
0 0.006437
0 0.000285
0 0.000089
0 0.173018
0 0.000002
0 0.178179
0 0.000062
0 0.689403
0 0.000082
0 0.021279
0 0.004956
0 0.000873
0 0.019709
0 0.146910
0 0.000035
0 0.000027
0 0.000274
0 0.002053
0 0.081140
0 0.025512
0 0.758816
0 0.000226
0 0.672211
0 0.004173
0 0.008910
0 0.000045
0 0.009432
0 0.004128
0 0.045976
0 0.000529
0 0.000077
0 0.000211
0 0.003462
0 0.035269
0 0.000147
0 0.073830
0 0.002940
0 0.000095
0 0.000092
0 0.006131
0 0.000159
0 0.001863
0 0.003393
0 0.003114
0 0.000829
0 0.021230
0 0.000333
0 0.005029
0 0.003436
0 0.046874
0 0.000121
0 0.015618
0 0.002970
0 0.000036
0 0.000052
0 0.001653
0 0.079718
0 0.033611
0 0.056174
0 0.000004
0 0.000208
0 0.147499
0 0.000047
0 0.004558
0 0.021088
0 0.002744
0 0.037755
0 0.485089
0 0.000543
0 0.005218
0 0.000074
0 0.000538
0 0.000039
0 0.000000
0 0.235243
0 0.661948
0 0.004354
0 0.100083
0 0.000003
0 0.043292
0 0.000033
0 0.002505
0 0.135941
0 0.000459
0 0.000004
0 0.000168
0 0.011165
0 0.017960
0 0.013404
0 0.000951
0 0.000139
0 0.000736
0 0.002261
0 0.000828
0 0.074032
0 0.034633
0 0.006389
0 0.002296
0 0.003020
0 0.001042
0 0.006638
0 0.000796
0 0.000031
0 0.065390
0 0.000512
0 0.010952
0 0.009826
0 0.125980
0 0.001052
0 0.004408
0 0.000019
0 0.000127
0 0.515768
0 0.031701
0 0.002075
0 0.004720
0 0.002135
0 0.012899
0 0.000113
0 0.001750
0 0.000113
0 0.006456
0 0.000544
0 0.001784
0 0.001917
0 0.000060
0 0.000108
0 0.319107
0 0.000020
0 0.438693
0 0.024529
0 0.020073
0 0.019149
0 0.005554
0 0.012327
0 0.020227
0 0.034226
0 0.021211
0 0.085673
0 0.000137
0 0.001491
0 0.000558
0 0.000480
0 0.019105
0 0.010978
0 0.001002
0 0.000428
0 0.010236
0 0.000006
0 0.013861
0 0.047740
0 0.000040
0 0.000439
0 0.000001
0 0.003807
0 0.000797
0 0.202548
0 0.008997
0 0.000454
0 0.000781
0 0.000433
0 0.001168
0 0.002807
0 0.028991
0 0.001090
0 0.002273
0 0.014357
0 0.758931
0 0.000226
0 0.000002
0 0.043974
0 0.017689
0 0.000303
0 0.000222
0 0.004601
0 0.001543
0 0.000335
0 0.002664
0 0.031355
0 0.035608
0 0.002322
0 0.000056
0 0.014859
0 0.012981
0 0.134434
0 0.001841
0 0.000020
0 0.004412
0 0.041016
0 0.000009
0 0.000677
0 0.088450
0 0.001330
0 0.017409
0 0.287254
0 0.073595
0 0.100014
0 0.000040
0 0.030444
0 0.246726
0 0.000360
0 0.007376
0 0.637233
0 0.005016
0 0.709340
0 0.000047
0 0.009002
0 0.311460
0 0.558779
0 0.001262
0 0.045160
0 0.000320
0 0.091691
0 0.003339
0 0.000240
0 0.001884
0 0.003265
0 0.000872
0 0.002403
0 0.114150
0 0.359943
0 0.002663
0 0.000012
0 0.019927
0 0.006806
0 0.000169
0 0.134417
0 0.000123
0 0.000103
0 0.602476
0 0.004371
0 0.001167
0 0.000043
0 0.002187
0 0.009170
0 0.000018
0 0.034299
0 0.038791
0 0.469641
0 0.000101
0 0.000053
0 0.304830
0 0.000085
0 0.005734
0 0.000517
0 0.001000
0 0.000721
0 0.001698
0 0.000005
0 0.067369
0 0.024958
0 0.000001
0 0.135924
0 0.118296
0 0.010576
0 0.002473
0 0.053367
0 0.001011
0 0.001668
0 0.001820
0 0.802909
0 0.010032
0 0.045725
0 0.020142
0 0.862871
0 0.076683
0 0.421167
0 0.033284
0 0.000263
0 0.000151
0 0.000343
0 0.001225
0 0.075683
0 0.000152
0 0.000053
0 0.000000
0 0.005717
0 0.022896
0 0.000518
0 0.000079
0 0.004960
0 0.132318
0 0.000005
0 0.001118
0 0.022984
0 0.006394
0 0.001538
0 0.000750
0 0.040348
0 0.001158
0 0.004235
0 0.000031
0 0.000772
0 0.000084
0 0.058415
0 0.000057
0 0.062405
0 0.000131
0 0.000041
0 0.001123
0 0.001495
0 0.001250
0 0.226418
0 0.005500
0 0.005483
0 0.000214
0 0.019830
0 0.000125
0 0.000038
0 0.136876
0 0.002060
0 0.002889
0 0.000593
0 0.000028
0 0.000194
0 0.041650
0 0.004568
0 0.014023
0 0.000004
0 0.000484
0 0.086000
0 0.286474
0 0.060203
0 0.000158
0 0.004753
0 0.007750
0 0.000330
0 0.002744
0 0.001970
0 0.004415
0 0.001022
0 0.000000
0 0.000157
0 0.000260
0 0.000022
0 0.025960
0 0.011264
0 0.000574
0 0.100579
0 0.000299
0 0.063145
0 0.000824
0 0.052507
0 0.004001
0 0.001138
0 0.000021
0 0.007878
0 0.001879
0 0.017750
0 0.006302
0 0.022760
0 0.000766
0 0.009589
0 0.000001
0 0.002214
0 0.017257
0 0.167315
0 0.000880
0 0.001654
0 0.004807
0 0.004358
0 0.444243
0 0.040479
0 0.000205
0 0.011610
0 0.374580
0 0.000786
0 0.000945
0 0.000503
0 0.385232
0 0.014274
0 0.000339
0 0.009556
0 0.001898
0 0.001572
0 0.000439
0 0.035164
0 0.000515
0 0.000285
0 0.000009
0 0.134155
0 0.143721
0 0.005044
0 0.000294
0 0.010988
0 0.971034
0 0.000004
0 0.004646
0 0.006636
0 0.002014
0 0.000296
0 0.009535
0 0.015105
0 0.012964
0 0.097131
0 0.000189
0 0.027770
0 0.092223
0 0.010298
0 0.003420
0 0.000039
0 0.000096
0 0.005862
0 0.010590
0 0.009183
0 0.001719
0 0.025708
0 0.000001
0 0.000002
0 0.001565
0 0.004916
0 0.000077
0 0.045128
0 0.001630
0 0.000068
0 0.046116
0 0.000247
0 0.014531
0 0.002065
0 0.091901
0 0.008254
0 0.008113
0 0.095951
0 0.088917
0 0.010574
0 0.000443
0 0.017522
0 0.003118
0 0.009243
0 0.014368
0 0.008721
0 0.024610
0 0.012659
0 0.044879
0 0.001431
0 0.070138
0 0.388088
0 0.000010
0 0.000075
0 0.017080
0 0.002180
0 0.000358
0 0.007642
0 0.002633
0 0.015032
0 0.008687
0 0.014964
0 0.000033
0 0.270091
0 0.001476
0 0.012208
0 0.000089
0 0.021320
0 0.007519
0 0.009005
0 0.001048
0 0.005163
0 0.000188
0 0.002724
0 0.005749
0 0.000146
0 0.131024
0 0.000422
0 0.000181
0 0.417907
0 0.124512
0 0.044530
0 0.011166
0 0.000019
0 0.000097
0 0.002004
0 0.012474
0 0.070404
0 0.016215
0 0.002737
0 0.000079
0 0.002253
0 0.008123
0 0.000010
0 0.000272
0 0.000402
0 0.053222
0 0.009714
0 0.011336
0 0.000018
0 0.002329
0 0.002118
0 0.001148
0 0.000017
0 0.054188
0 0.000080
0 0.000629
0 0.000242
0 0.000033
0 0.000045
0 0.034292
0 0.002719
0 0.000066
0 0.000205
0 0.001152
0 0.009064
0 0.000406
0 0.153642
0 0.002632
0 0.004613
0 0.000205
0 0.004916
0 0.002268
0 0.012391
0 0.000002
0 0.015334
0 0.000138
0 0.003776
0 0.000232
0 0.000957
0 0.016775
0 0.431566
0 0.039383
0 0.551971
0 0.000801
0 0.246941
0 0.002865
0 0.000001
0 0.000069
0 0.003025
0 0.000386
0 0.018171
0 0.000852
0 0.000006
0 0.003612
0 0.060902
0 0.001241
0 0.013222
0 0.093808
0 0.002553
0 0.001316
0 0.009780
0 0.008753
0 0.000356
0 0.034440
0 0.002231
0 0.001231
0 0.005415
0 0.701054
0 0.013258
0 0.002240
0 0.180360
0 0.037678
0 0.000075
0 0.027661
0 0.017739
0 0.000003
0 0.006261
0 0.000782
0 0.001800
0 0.000178
0 0.000860
0 0.001319
0 0.120317
0 0.005141
0 0.000009
0 0.005514
0 0.017341
0 0.009739
0 0.027360
0 0.030086
0 0.000809
0 0.108963
0 0.001165
0 0.123224
0 0.000028
0 0.000009
0 0.006285
0 0.002078
0 0.005044
0 0.724112
0 0.096382
0 0.000090
0 0.003206
0 0.010783
0 0.000827
0 0.000162
0 0.262554
0 0.000113
0 0.021683
0 0.145836
0 0.006205
0 0.000241
0 0.007701
0 0.011832
0 0.006405
0 0.006719
0 0.631637
0 0.005475
0 0.001305
0 0.000118
0 0.013272
0 0.349814
0 0.000001
0 0.002687
0 0.000365
0 0.071394
0 0.008756
0 0.054348
0 0.000848
0 0.038851
0 0.014369
0 0.288749
0 0.005390
0 0.006081
0 0.003462
0 0.008114
0 0.189432
0 0.000085
0 0.000000
0 0.001965
0 0.068850
0 0.007507
0 0.000548
0 0.001561
0 0.001015
0 0.007498
0 0.001742
0 0.000004
0 0.012675
0 0.004492
0 0.000652
0 0.000284
0 0.325199
0 0.001225
0 0.111412
0 0.000020
0 0.001714
0 0.115554
0 0.004412
0 0.000057
0 0.027690
0 0.902415
0 0.008189
0 0.146774
0 0.006576
0 0.028599
0 0.004142
0 0.002332
0 0.990300
0 0.005561
0 0.000180
0 0.499066
0 0.001038
0 0.000004
0 0.000239
0 0.000029
0 0.007963
0 0.006038
0 0.008743
0 0.000788
0 0.000009
0 0.443675
0 0.000010
0 0.035264
0 0.035081
0 0.000924
0 0.000288
0 0.001130
0 0.005968
0 0.004818
0 0.000276
0 0.000061
0 0.007492
0 0.027101
0 0.020530
0 0.327887
0 0.035275
0 0.019876
0 0.006701
0 0.001276
0 0.003206
0 0.007649
0 0.005468
0 0.000834
0 0.000004
0 0.056868
0 0.000932
0 0.011779
0 0.000058
0 0.133138
0 0.004820
0 0.013414
0 0.000048
0 0.000026
0 0.029205
0 0.106954
0 0.000001
0 0.005780
0 0.001666
0 0.075471
0 0.021432
0 0.012468
0 0.001288
0 0.002299
0 0.000326
0 0.025789
0 0.001488
0 0.000012
0 0.065104
0 0.024907
0 0.009426
0 0.000347
0 0.001156
0 0.021780
0 0.373414
0 0.000321
0 0.010549
0 0.000185
0 0.425833
0 0.001517
0 0.000008
0 0.002163
0 0.010103
0 0.000036
0 0.005906
0 0.000003
0 0.074929
0 0.077019
0 0.001225
0 0.003271
0 0.003279
0 0.474340
0 0.024535
0 0.001137
0 0.010172
0 0.004420
0 0.023890
0 0.000012
0 0.296280
0 0.040793
0 0.001789
0 0.294509
0 0.000108
0 0.000101
0 0.432091
0 0.035336
0 0.001091
0 0.000253
0 0.287371
0 0.004484
0 0.007345
0 0.000277
0 0.000053
0 0.000842
0 0.000178
0 0.053087
0 0.003529
0 0.002007
0 0.037731
0 0.010009
0 0.000831
0 0.001044
0 0.000120
0 0.000074
0 0.167822
0 0.000102
0 0.019625
0 0.008895
0 0.000031
0 0.102412
0 0.000595
0 0.000080
0 0.314701
0 0.000036
0 0.003050
0 0.017690
0 0.099900
0 0.012766
0 0.012509
0 0.001156
0 0.000020
0 0.003142
0 0.002345
0 0.191331
0 0.127026
0 0.000609
0 0.002456
0 0.091310
0 0.000453
0 0.000155
0 0.004343
0 0.000982
0 0.000537
0 0.000321
0 0.002155
0 0.001212
0 0.000625
0 0.559085
0 0.001704
0 0.049753
0 0.000176
0 0.000389
0 0.000053
0 0.000151
0 0.000569
0 0.018028
0 0.000018
0 0.150033
0 0.265789
0 0.000034
0 0.005757
0 0.007815
0 0.032962
0 0.000127
0 0.008754
0 0.186880
0 0.072961
0 0.000010
0 0.040621
0 0.008802
0 0.000414
0 0.024679
0 0.007507
0 0.019102
0 0.000003
0 0.003140
0 0.007327
0 0.001065
0 0.012570
0 0.118617
0 0.317957
0 0.000116
0 0.001743
0 0.004104
0 0.002357
0 0.000012
0 0.252592
0 0.000241
0 0.000068
0 0.003122
0 0.002124
0 0.001795
0 0.000439
0 0.135151
0 0.324920
0 0.513619
0 0.000057
0 0.003384
0 0.006913
0 0.012088
0 0.009812
0 0.701422
0 0.007257
0 0.408886
0 0.000241
0 0.000647
0 0.152163
0 0.000362
0 0.016354
0 0.016124
0 0.020351
0 0.001606
0 0.000790
0 0.000438
0 0.005396
0 0.188659
0 0.468995
0 0.496490
0 0.000065
0 0.000001
0 0.000268
0 0.013723
0 0.000224
0 0.002643
0 0.002006
0 0.003709
0 0.012683
0 0.002661
0 0.008221
0 0.151786
0 0.005241
0 0.000032
0 0.000127
0 0.013844
0 0.000104
0 0.148899
0 0.076423
0 0.001011
0 0.002400
0 0.005399
0 0.007199
0 0.002210
0 0.442853
0 0.008453
0 0.596964
0 0.000727
0 0.007316
0 0.023065
0 0.000235
0 0.039920
0 0.000013
0 0.000625
0 0.081031
0 0.004277
0 0.002312
0 0.000004
0 0.000008
0 0.001940
0 0.000192
0 0.000168
0 0.000707
0 0.012447
0 0.000388
0 0.062718
0 0.001317
0 0.001294
0 0.077386
0 0.000011
0 0.000310
0 0.000336
0 0.000311
0 0.000056
0 0.000207
0 0.006893
0 0.066128
0 0.002771
0 0.000127
0 0.000330
0 0.001197
0 0.003442
0 0.001649
0 0.000666
0 0.000353
0 0.000230
0 0.000500
0 0.009259
0 0.000009
0 0.014827
0 0.000639
0 0.000002
0 0.000017
0 0.000000
0 0.000251
0 0.000008
0 0.000576
0 0.004335
0 0.017317
0 0.000174
0 0.011770
0 0.000728
0 0.234036
0 0.000339
0 0.039293
0 0.097340
0 0.875642
0 0.000237
0 0.018066
0 0.000132
0 0.055456
0 0.001154
0 0.006044
0 0.066816
0 0.000531
0 0.063717
0 0.000072
0 0.000076
0 0.048052
0 0.270865
0 0.009648
0 0.018445
0 0.029127
0 0.000050
0 0.088805
0 0.002415
0 0.002917
0 0.133648
0 0.020724
0 0.000086
0 0.000081
0 0.010370
0 0.007547
0 0.011071
0 0.000606
0 0.591056
0 0.002967
0 0.148060
0 0.011274
0 0.002935
0 0.000000
0 0.000435
0 0.000292
0 0.014773
0 0.000088
0 0.004366
0 0.095007
0 0.000122
0 0.000196
0 0.001063
0 0.020211
0 0.001729
0 0.001192
0 0.003404
0 0.251755
0 0.000172
0 0.007734
0 0.001258
0 0.010472
0 0.000776
0 0.355412
0 0.026912
0 0.001316
0 0.012409
0 0.004982
0 0.000741
0 0.000758
0 0.005884
0 0.001068
0 0.004424
0 0.000001
0 0.000029
0 0.001789
0 0.001939
0 0.006712
0 0.021442
0 0.028781
0 0.022880
0 0.315954
0 0.000162
0 0.000496
0 0.022778
0 0.005369
0 0.880259
0 0.002184
0 0.000053
0 0.000047
0 0.004412
0 0.051972
0 0.001440
0 0.001497
0 0.001234
0 0.054572
0 0.097195
0 0.004271
0 0.004965
0 0.005135
0 0.000371
0 0.617257
0 0.000446
0 0.001297
0 0.001541
0 0.000408
0 0.216483
0 0.002704
0 0.000923
0 0.000000
0 0.000017
0 0.001104
0 0.067966
0 0.089468
0 0.405558
0 0.005303
0 0.012916
0 0.000016
0 0.001901
0 0.793318
0 0.589367
0 0.000248
0 0.055225
0 0.009508
0 0.000000
0 0.002766
0 0.000037
0 0.000058
0 0.005668
0 0.014232
0 0.048916
0 0.000143
0 0.003068
0 0.000525
0 0.162415
0 0.000217
0 0.000144
0 0.009374
0 0.001533
0 0.002972
0 0.128053
0 0.100121
0 0.002680
0 0.000528
0 0.005398
0 0.001525
0 0.005808
0 0.000903
0 0.016162
0 0.002027
0 0.000241
0 0.000832
0 0.008268
0 0.007698
0 0.480189
0 0.001415
0 0.077541
0 0.003744
0 0.000530
0 0.357278
0 0.022071
0 0.044161
0 0.314439
0 0.005843
0 0.018037
0 0.016490
0 0.002424
0 0.000426
0 0.110952
0 0.000147
0 0.001664
0 0.001659
0 0.053401
0 0.023589
0 0.002703
0 0.280506
0 0.000010
0 0.012458
0 0.041528
0 0.000035
0 0.001008
0 0.003346
0 0.117187
0 0.000131
0 0.000140
0 0.003024
0 0.001474
0 0.000010
0 0.000217
0 0.001321
0 0.000003
0 0.003981
0 0.016736
0 0.000002
0 0.000115
0 0.194181
0 0.005637
0 0.060219
0 0.859343
0 0.014343
0 0.216978
0 0.004611
0 0.000003
0 0.000172
0 0.006533
0 0.337292
0 0.004791
0 0.000140
0 0.000386
0 0.175412
0 0.001286
0 0.000701
0 0.060906
0 0.000200
0 0.128783
0 0.013538
0 0.040103
0 0.020452
0 0.000397
0 0.000672
0 0.006725
0 0.029471
0 0.153048
0 0.009573
0 0.000001
0 0.006859
0 0.003571
0 0.002346
0 0.001345
0 0.084444
0 0.969757
0 0.014335
0 0.308376
0 0.094376
0 0.017056
0 0.044601
0 0.001703
0 0.000325
0 0.009982
0 0.014931
0 0.008529
0 0.079809
0 0.342537
0 0.002153
0 0.014459
0 0.000075
0 0.042536
0 0.106368
0 0.000020
0 0.034617
0 0.509820
0 0.003031
0 0.000385
0 0.000077
0 0.000002
0 0.004935
0 0.000438
0 0.000018
0 0.000020
0 0.001493
0 0.017876
0 0.004852
0 0.000195
0 0.015406
0 0.022657
0 0.002403
0 0.000781
0 0.001125
0 0.002586
0 0.017624
0 0.004145
0 0.026613
0 0.000194
0 0.597176
0 0.000475
0 0.002713
0 0.000635
0 0.012540
0 0.028142
0 0.324168
0 0.050667
0 0.013058
0 0.000422
0 0.002793
0 0.000676
0 0.000475
0 0.097007
0 0.000458
0 0.001777
0 0.088942
0 0.000058
0 0.000538
0 0.008671
0 0.000740
0 0.001652
0 0.261979
0 0.013522
0 0.156523
0 0.000810
0 0.000272
0 0.001994
0 0.000794
0 0.005811
0 0.025350
0 0.008929
0 0.000180
0 0.089549
0 0.006938
0 0.002465
0 0.000001
0 0.015820
0 0.009442
0 0.022707
0 0.000914
0 0.000250
0 0.000539
0 0.016006
0 0.057008
0 0.000068
0 0.017261
0 0.000616
0 0.205915
0 0.000026
0 0.000037
0 0.000209
0 0.817469
0 0.005071
0 0.018873
0 0.000430
0 0.000152
0 0.153525
0 0.000062
0 0.002120
0 0.008041
0 0.027596
0 0.000067
0 0.095755
0 0.915797
0 0.003684
0 0.940729
0 0.402601
0 0.016679
0 0.007450
0 0.022325
0 0.001062
0 0.395608
0 0.357318
0 0.002555
0 0.004771
0 0.002734
0 0.058371
0 0.005824
0 0.038109
0 0.006571
0 0.000086
0 0.000125
0 0.008436
0 0.003960
0 0.000483
0 0.008943
0 0.000135
0 0.169836
0 0.007884
0 0.001477
0 0.088138
0 0.059337
0 0.003422
0 0.000076
0 0.152313
0 0.000032
0 0.007115
0 0.132420
0 0.004515
0 0.010905
0 0.000182
0 0.005357
0 0.016815
0 0.000852
0 0.209877
0 0.000154
0 0.148018
0 0.000053
0 0.121278
0 0.880609
0 0.034645
0 0.007026
0 0.000001
0 0.001332
0 0.027017
0 0.001452
0 0.000597
0 0.000234
0 0.003809
0 0.000700
0 0.813824
0 0.000159
0 0.001281
0 0.014700
0 0.007466
0 0.445348
0 0.005550
0 0.006075
0 0.019674
0 0.106229
0 0.027248
0 0.004213
0 0.001332
0 0.017837
0 0.000058
0 0.005095
0 0.009574
0 0.002938
0 0.001689
0 0.023913
0 0.012958
0 0.079456
0 0.001653
0 0.000295
0 0.000017
0 0.121238
0 0.204889
0 0.011485
0 0.000591
0 0.001320
0 0.036808
0 0.008377
0 0.000031
0 0.001768
0 0.001993
0 0.041515
0 0.003254
0 0.000540
0 0.003715
0 0.010485
0 0.013470
0 0.000007
0 0.000834
0 0.002405
0 0.026830
0 0.000360
0 0.036195
0 0.002503
0 0.000017
0 0.000922
0 0.352635
0 0.000074
0 0.030199
0 0.657661
0 0.000807
0 0.002618
0 0.290081
0 0.000375
0 0.041473
0 0.010198
0 0.000003
0 0.000040
0 0.002771
0 0.064220
0 0.001179
0 0.025798
0 0.000041
0 0.472121
0 0.338828
0 0.015944
0 0.000696
0 0.407247
0 0.000007
0 0.000115
0 0.030114
0 0.000080
0 0.009417
0 0.005255
0 0.000602
0 0.000763
0 0.001156
0 0.052439
0 0.007511
0 0.030993
0 0.184551
0 0.002460
0 0.001087
0 0.000083
0 0.000377
0 0.002678
0 0.024983
0 0.000566
0 0.431331
0 0.003336
0 0.000009
0 0.092075
0 0.001940
0 0.001238
0 0.005628
0 0.180749
0 0.010006
0 0.015801
0 0.001223
0 0.009087
0 0.250612
0 0.023052
0 0.028883
0 0.035922
0 0.008992
0 0.036094
0 0.008886
0 0.000848
0 0.000199
0 0.051924
0 0.003375
0 0.266688
0 0.026545
0 0.002922
0 0.002334
0 0.000086
0 0.025491
0 0.053688
0 0.029139
0 0.000586
0 0.269870
0 0.118126
0 0.000133
0 0.419754
0 0.006488
0 0.089766
0 0.001459
0 0.004100
0 0.003844
0 0.006251
0 0.000578
0 0.000233
0 0.006699
0 0.000925
0 0.025345
0 0.048114
0 0.000303
0 0.000873
0 0.000002
0 0.069114
0 0.003243
0 0.000215
0 0.328435
0 0.000919
0 0.000597
0 0.005837
0 0.001346
0 0.002213
0 0.230603
0 0.007422
0 0.017235
0 0.009267
0 0.000726
0 0.004818
0 0.000867
0 0.006802
0 0.002392
0 0.007783
0 0.000770
0 0.000005
0 0.014290
0 0.302491
0 0.001760
0 0.001856
0 0.487825
0 0.000790
0 0.000028
0 0.080209
0 0.000259
0 0.001656
0 0.050150
0 0.000051
0 0.009015
0 0.000005
0 0.007662
0 0.004251
0 0.000516
0 0.000473
0 0.040568
0 0.580935
0 0.018169
0 0.005102
0 0.007982
0 0.194430
0 0.001365
0 0.010911
0 0.000051
0 0.019479
0 0.000516
0 0.002632
0 0.000010
0 0.009825
0 0.008600
0 0.100906
0 0.112535
0 0.000073
0 0.092318
0 0.005031
0 0.022704
0 0.008335
0 0.002130
0 0.001497
0 0.012937
0 0.003742
0 0.062391
0 0.334554
0 0.192722
0 0.017787
0 0.001555
0 0.000040
0 0.000089
0 0.010784
0 0.002655
0 0.296553
0 0.917720
0 0.012554
0 0.004431
0 0.343734
0 0.006647
0 0.004966
0 0.037954
0 0.000092
0 0.017719
0 0.063346
0 0.000002
0 0.081474
0 0.000792
0 0.000020
0 0.009120
0 0.316580
0 0.002461
0 0.000486
0 0.003730
0 0.037553
0 0.000143
0 0.000027
0 0.263859
0 0.001712
0 0.001213
0 0.003193
0 0.003246
0 0.039126
0 0.001967
0 0.007018
0 0.000349
0 0.000878
0 0.346511
0 0.063041
0 0.014171
0 0.023342
0 0.032420
0 0.112015
0 0.000203
0 0.087690
0 0.004549
0 0.103286
0 0.194730
0 0.005136
0 0.000439
0 0.000007
0 0.000167
0 0.001589
0 0.004177
0 0.000038
0 0.133774
0 0.003956
0 0.000353
0 0.000297
0 0.034725
0 0.069253
0 0.018588
0 0.064940
0 0.340048
0 0.000084
0 0.025244
0 0.013315
0 0.000514
0 0.048242
0 0.020924
0 0.026136
0 0.000589
0 0.747980
0 0.028290
0 0.006708
0 0.011740
0 0.098290
0 0.001434
0 0.000028
0 0.000705
0 0.001104
0 0.005626
0 0.000580
0 0.017215
0 0.000646
0 0.001552
0 0.007352
0 0.000217
0 0.000932
0 0.000114
0 0.001357
0 0.001081
0 0.097121
0 0.002045
0 0.001112
0 0.001770
0 0.002857
0 0.000557
0 0.000073
0 0.003095
0 0.005388
0 0.000025
0 0.031437
0 0.002958
0 0.274910
0 0.000861
0 0.005843
0 0.000930
0 0.010037
0 0.007676
0 0.000520
0 0.002059
0 0.000023
0 0.062264
0 0.000218
0 0.018518
0 0.001166
0 0.015101
0 0.006602
0 0.002867
0 0.000000
0 0.012199
0 0.299686
0 0.074553
0 0.024538
0 0.001511
0 0.002036
0 0.001240
0 0.000919
0 0.065983
0 0.001709
0 0.110159
0 0.002547
0 0.613571
0 0.000019
0 0.902041
0 0.006851
0 0.000500
0 0.009980
0 0.029236
0 0.001892
0 0.000072
0 0.008467
0 0.007750
0 0.085691
0 0.000297
0 0.000103
0 0.000269
0 0.221134
0 0.002281
0 0.562969
0 0.282810
0 0.024031
0 0.005337
0 0.000061
0 0.040203
0 0.592506
0 0.912943
0 0.010094
0 0.003368
0 0.236121
0 0.012265
0 0.000328
0 0.000924
0 0.049955
0 0.000070
0 0.044614
0 0.000168
0 0.001665
0 0.004167
0 0.004057
0 0.000155
0 0.663290
0 0.004250
0 0.000559
0 0.013983
0 0.001312
0 0.243322
0 0.529886
0 0.047469
0 0.000991
0 0.024865
0 0.002988
0 0.012899
0 0.000016
0 0.024534
0 0.089788
0 0.013043
0 0.000078
0 0.099970
0 0.000131
0 0.000431
0 0.016584
0 0.006112
0 0.000001
0 0.091339
0 0.000313
0 0.001441
0 0.056458
0 0.243455
0 0.000980
0 0.630233
0 0.012349
0 0.000094
0 0.000722
0 0.871024
0 0.000067
0 0.033843
0 0.040808
0 0.247166
0 0.000250
0 0.002818
0 0.000049
0 0.816344
0 0.201743
0 0.004617
0 0.001382
0 0.034617
0 0.001693
0 0.000049
0 0.009037
0 0.010758
0 0.007341
0 0.037949
0 0.009833
0 0.004248
0 0.001051
0 0.003057
0 0.007377
0 0.001153
0 0.653479
0 0.005665
0 0.002971
0 0.000663
0 0.000022
0 0.000507
0 0.000002
0 0.001203
0 0.001919
0 0.005389
0 0.000505
0 0.000872
0 0.000825
0 0.047871
0 0.001305
0 0.000000
0 0.005026
0 0.019270
0 0.000184
0 0.027053
0 0.000038
0 0.005834
0 0.023980
0 0.006614
0 0.000553
0 0.002317
0 0.054526
0 0.004708
0 0.004640
0 0.001310
0 0.027589
0 0.000710
0 0.006058
0 0.002711
0 0.000053
0 0.110921
0 0.000498
0 0.000304
0 0.000345
0 0.000186
0 0.000252
0 0.001388
0 0.000255
0 0.000097
0 0.191332
0 0.003728
0 0.038754
0 0.039098
0 0.006088
0 0.000002
0 0.001348
0 0.000664
0 0.004412
0 0.012070
0 0.810542
0 0.000190
0 0.000020
0 0.000308
0 0.001917
0 0.019510
0 0.000276
0 0.009462
0 0.001071
0 0.000996
0 0.008322
0 0.029140
0 0.015775
0 0.041031
0 0.000503
0 0.187750
0 0.003078
0 0.010870
0 0.071003
0 0.000107
0 0.035119
0 0.002565
0 0.000234
0 0.000067
0 0.000007
0 0.019334
0 0.018921
0 0.000027
0 0.000973
0 0.781384
0 0.006088
0 0.002389
0 0.019519
0 0.036672
0 0.516505
0 0.000166
0 0.230093
0 0.003187
0 0.003697
0 0.111209
0 0.033946
0 0.000060
0 0.000022
0 0.051354
0 0.033202
0 0.001110
0 0.011067
0 0.003784
0 0.000864
0 0.000413
0 0.095423
0 0.001307
0 0.006994
0 0.003039
0 0.000224
0 0.021982
0 0.008976
0 0.015423
0 0.000883
0 0.007062
0 0.000162
0 0.001879
0 0.001471
0 0.783067
0 0.340291
0 0.000338
0 0.002699
0 0.004585
0 0.001336
0 0.000049
0 0.000778
0 0.000238
0 0.029510
0 0.000392
0 0.003675
0 0.000912
0 0.000312
0 0.000109
0 0.006155
0 0.030732
0 0.000047
0 0.003355
0 0.015784
0 0.000064
0 0.003932
0 0.038248
0 0.000003
0 0.000321
0 0.050436
0 0.000008
0 0.001718
0 0.063617
0 0.002886
0 0.000174
0 0.005821
0 0.561900
0 0.000015
0 0.028159
0 0.000054
0 0.000792
0 0.000047
0 0.470624
0 0.016310
0 0.155569
0 0.000021
0 0.000007
0 0.001225
0 0.066989
0 0.266569
0 0.091152
0 0.000016
0 0.000028
0 0.000428
0 0.000001
0 0.001731
0 0.033250
0 0.049981
0 0.000460
0 0.006696
0 0.000678
0 0.001708
0 0.000775
0 0.012042
0 0.000389
0 0.000812
0 0.001674
0 0.000421
0 0.000001
0 0.000013
0 0.039851
0 0.000018
0 0.001585
0 0.031537
0 0.005816
0 0.015703
0 0.011569
0 0.001264
0 0.000155
0 0.000504
0 0.053147
0 0.003917
0 0.152998
0 0.011568
0 0.000448
0 0.002207
0 0.000014
0 0.003068
0 0.100792
0 0.000008
0 0.000317
0 0.002989
0 0.006929
0 0.066494
0 0.000030
0 0.029255
0 0.000242
0 0.008146
0 0.004703
0 0.000528
0 0.000520
0 0.005316
0 0.034474
0 0.002965
0 0.000127
0 0.000649
0 0.024902
0 0.130870
0 0.023831
0 0.000647
0 0.000126
0 0.028486
0 0.023664
0 0.042815
0 0.000182
0 0.002061
0 0.008485
0 0.005405
0 0.502681
0 0.008724
0 0.000598
0 0.004098
0 0.004570
0 0.033317
0 0.000115
0 0.004843
0 0.000247
0 0.000139
0 0.030686
0 0.003995
0 0.003497
0 0.000017
0 0.000026
0 0.000982
0 0.000482
0 0.005174
0 0.000356
0 0.001653
0 0.001405
0 0.650818
0 0.010408
0 0.005537
0 0.042904
0 0.010456
0 0.035114
0 0.000091
0 0.003885
0 0.003670
0 0.005395
0 0.008786
0 0.013048
0 0.000126
0 0.101288
0 0.002477
0 0.000607
0 0.000286
0 0.000321
0 0.073220
0 0.005104
0 0.207213
0 0.013849
0 0.001814
0 0.017226
0 0.004643
0 0.010185
0 0.055860
0 0.004042
0 0.052109
0 0.002020
0 0.001712
0 0.000183
0 0.000061
0 0.000174
0 0.008652
0 0.002588
0 0.013984
0 0.026714
0 0.051787
0 0.000004
0 0.453489
0 0.000015
0 0.005836
0 0.084517
0 0.002573
0 0.002559
0 0.000889
0 0.033374
0 0.004172
0 0.000006
0 0.025832
0 0.000179
0 0.034979
0 0.000488
0 0.001415
0 0.000007
0 0.161892
0 0.000183
0 0.497004
0 0.000141
0 0.001222
0 0.006186
0 0.170163
0 0.011917
0 0.000469
0 0.195095
0 0.000532
0 0.000010
0 0.000659
0 0.001929
0 0.032438
0 0.004945
0 0.010381
0 0.016567
0 0.000009
0 0.066338
0 0.065800
0 0.005966
0 0.000199
0 0.237122
0 0.000196
0 0.000487
0 0.000027
0 0.026993
0 0.000010
0 0.011082
0 0.000433
0 0.008650
0 0.063856
0 0.335370
0 0.000067
0 0.000022
0 0.061944
0 0.000002
0 0.000140
0 0.028484
0 0.000009
0 0.008572
0 0.000006
0 0.005412
0 0.098371
0 0.000251
0 0.000077
0 0.059473
0 0.044591
0 0.017888
0 0.000830
0 0.000052
0 0.014952
0 0.026694
0 0.004384
0 0.001609
0 0.000734
0 0.000296
0 0.433562
0 0.000105
0 0.000002
0 0.009669
0 0.005538
0 0.014481
0 0.000572
0 0.003674
0 0.000834
0 0.055459
0 0.734574
0 0.040351
0 0.135680
0 0.000886
0 0.008072
0 0.000063
0 0.003477
0 0.002342
0 0.017205
0 0.000022
0 0.000191
0 0.000176
0 0.008478
0 0.000788
0 0.011161
0 0.004870
0 0.448348
0 0.007298
0 0.020372
0 0.002511
0 0.000338
0 0.001262
0 0.058433
0 0.000147
0 0.000545
0 0.013199
0 0.006629
0 0.000800
0 0.061817
0 0.021701
0 0.003464
0 0.002034
0 0.075455
0 0.000019
0 0.001375
0 0.008957
0 0.025575
0 0.000602
0 0.026511
0 0.000064
0 0.000172
0 0.000376
0 0.000029
0 0.000010
0 0.019971
0 0.000011
0 0.243436
0 0.001072
0 0.000094
0 0.000035
0 0.016125
0 0.003290
0 0.000403
0 0.001444
0 0.002215
0 0.002022
0 0.003139
0 0.058243
0 0.001975
0 0.000063
0 0.003217
0 0.004806
0 0.505069
0 0.003048
0 0.000849
0 0.003048
0 0.007120
0 0.028241
0 0.455812
0 0.052143
0 0.005295
0 0.618429
0 0.006825
0 0.001130
0 0.076222
0 0.000076
0 0.027895
0 0.061001
0 0.000451
0 0.753289
0 0.000008
0 0.085715
0 0.000082
0 0.001949
0 0.228673
0 0.052771
0 0.115834
0 0.529620
0 0.147749
0 0.001809
0 0.016569
0 0.000009
0 0.027714
0 0.046787
0 0.000335
0 0.089261
0 0.000055
0 0.119531
0 0.000430
0 0.003933
0 0.020896
0 0.000485
0 0.014010
0 0.010872
0 0.000233
0 0.000318
0 0.000032
0 0.358987
0 0.000076
0 0.010322
0 0.005337
0 0.000701
0 0.434673
0 0.000071
0 0.019449
0 0.330627
0 0.000553
0 0.000332
0 0.000602
0 0.001783
0 0.001871
0 0.000058
0 0.000294
0 0.034849
0 0.005939
0 0.002614
0 0.002134
0 0.009064
0 0.023601
0 0.085689
0 0.014350
0 0.001624
0 0.000828
0 0.000013
0 0.000449
0 0.000128
0 0.006350
0 0.001045
0 0.001554
0 0.000145
0 0.001760
0 0.002734
0 0.005406
0 0.000442
0 0.000015
0 0.019501
0 0.001369
0 0.000124
0 0.024382
0 0.001254
0 0.000044
0 0.000005
0 0.034950
0 0.000317
0 0.000050
0 0.002288
0 0.003529
0 0.005995
0 0.000008
0 0.000549
0 0.000000
0 0.010129
0 0.318804
0 0.034907
0 0.000184
0 0.204831
0 0.022547
0 0.004875
0 0.001783
0 0.001663
0 0.002880
0 0.002500
0 0.000499
0 0.009001
0 0.019277
0 0.000074
0 0.018709
0 0.002581
0 0.001366
0 0.000031
0 0.000001
0 0.984413
0 0.041971
0 0.008196
0 0.001259
0 0.000402
0 0.000326
0 0.004152
0 0.010981
0 0.082826
0 0.000056
0 0.060925
0 0.008019
0 0.000452
0 0.005015
0 0.003649
0 0.139858
0 0.000197
0 0.010059
0 0.001783
0 0.035253
0 0.003348
0 0.155496
0 0.131781
0 0.001900
0 0.023803
0 0.302455
0 0.048827
0 0.026596
0 0.461622
0 0.024767
0 0.000407
1 0.843046
1 0.789013
1 0.883486
1 0.897068
1 0.984657
1 0.986842
1 0.030303
1 0.638922
1 0.957312
1 0.996548
1 0.991425
1 0.915861
1 0.998402
1 0.767477
1 0.946396
1 0.911607
1 0.998999
1 0.995441
1 0.884349
1 0.522519
1 0.995975
1 0.995280
1 0.998423
1 0.536039
1 0.845463
1 0.994999
1 0.980266
1 0.771645
1 0.998409
1 0.953421
1 0.953636
1 0.716407
1 0.992098
1 0.957971
1 0.490064
1 0.996805
1 0.997691
1 0.604335
1 0.975191
1 0.670914
1 0.489016
1 0.940094
1 0.993105
1 0.999668
1 0.904546
1 0.996421
1 0.983524
1 0.998791
1 0.948964
1 0.957433
1 0.983176
1 0.958811
1 0.996632
1 0.963932
1 0.990267
1 0.998826
1 0.993794
1 0.664689
1 0.857914
1 0.958563
1 0.992970
1 0.984630
1 0.995250
1 0.975598
1 0.973803
1 0.843823
1 0.997614
1 0.810596
1 0.985734
1 0.996062
1 0.994837
1 0.918117
1 0.015622
1 0.997894
1 0.386873
1 0.084269
1 0.150186
1 0.076798
1 0.984550
1 0.997911
1 0.995604
1 0.981296
1 0.969947
1 0.600494
1 0.984183
1 0.991378
1 0.421229
1 0.981443
1 0.817919
1 0.998465
1 0.991565
1 0.990636
1 0.953595
1 0.974273
1 0.657007
1 0.985057
1 0.996836
1 0.992465
1 0.991575
1 0.998358
1 0.977953
1 0.996845
1 0.999153
1 0.953250
1 0.714699
1 0.978774
1 0.986598
1 0.975849
1 0.601213
1 0.998839
1 0.998985
1 0.991335
1 0.976105
1 0.897336
1 0.960394
1 0.445342
1 0.997631
1 0.808054
1 0.984914
1 0.999266
1 0.991095
1 0.996108
1 0.863426
1 0.982000
1 0.979346
1 0.943737
1 0.994316
1 0.990579
1 0.994964
1 0.996187
1 0.981538
1 0.975161
1 0.998667
1 0.816333
1 0.996164
1 0.988202
1 0.950805
1 0.966972
1 0.977439
1 0.992738
1 0.996604
1 0.976240
1 0.925651
1 0.916862
1 0.958378
1 0.971187
1 0.016421
1 0.934383
1 0.985316
1 0.987894
1 0.905541
1 0.994869
1 0.777991
1 0.985951
1 0.965750
1 0.494217
1 0.997891
1 0.980595
1 0.999538
1 0.970034
1 0.995795
1 0.955314
1 0.992062
1 0.881125
1 0.995660
1 0.639160
1 0.998558
1 0.832711
1 0.996700
1 0.961313
1 0.994789
1 0.987751
1 0.996327
1 0.948166
1 0.427423
1 0.964845
1 0.507292
1 0.992780
1 0.919183
1 0.811954
1 0.993061
1 0.943174
1 0.643668
1 0.974326
1 0.811370
1 0.996090
1 0.926549
1 0.962987
1 0.996976
1 0.983513
1 0.999617
1 0.997123
1 0.989670
1 0.956600
1 0.988987
1 0.751286
1 0.280047
1 0.964036
1 0.952985
1 0.995845
1 0.990672
1 0.987916
1 0.985211
1 0.963230
1 0.996559
1 0.990499
1 0.663102
1 0.873010
1 0.999255
1 0.990169
1 0.698880
1 0.530154
1 0.973742
1 0.872917
1 0.999633
1 0.976049
1 0.630167
1 0.001947
1 0.864994
1 0.984153
1 0.920826
1 0.989669
1 0.943891
1 0.669472
1 0.122744
1 0.744549
1 0.626182
1 0.989669
1 0.978091
1 0.886385
1 0.796052
1 0.737812
1 0.997713
1 0.977353
1 0.982589
1 0.813999
1 0.726967
1 0.953886
1 0.998097
1 0.060929
1 0.308394
1 0.988133
1 0.481903
1 0.359096
1 0.981341
1 0.993770
1 0.989491
1 0.990426
1 0.988897
1 0.864538
1 0.976628
1 0.990690
1 0.954526
1 0.986963
1 0.997263
1 0.979559
1 0.989590
1 0.290807
1 0.998386
1 0.989417
1 0.434650
1 0.813178
1 0.700335
1 0.231214
1 0.994439
1 0.994931
1 0.985504
1 0.998141
1 0.951554
1 0.983322
1 0.991482
1 0.690391
1 0.987214
1 0.999187
1 0.935214
1 0.824758
1 0.988623
1 0.319331
1 0.983698
1 0.956347
1 0.757826
1 0.987437
1 0.977169
1 0.955048
1 0.980906
1 0.005118
1 0.995974
1 0.605149
1 0.998297
1 0.997720
1 0.972973
1 0.716500
1 0.983999
1 0.986807
1 0.415315
1 0.995729
1 0.975875
1 0.980359
1 0.989138
1 0.990121
1 0.988937
1 0.974185
1 0.484684
1 0.987828
1 0.991890
1 0.895242
1 0.982630
1 0.989077
1 0.991549
1 0.902397
1 0.446987
1 0.997356
1 0.994198
1 0.394482
1 0.959778
1 0.997418
1 0.987908
1 0.966722
1 0.993324
1 0.984945
1 0.488849
1 0.982566
1 0.327505
1 0.577936
1 0.997580
1 0.999376
1 0.992857
1 0.095332
1 0.992860
1 0.395472
1 0.996446
1 0.934575
1 0.978418
1 0.976349
1 0.842858
1 0.981784
1 0.994179
1 0.936139
1 0.995904
1 0.997493
1 0.979358
1 0.782240
1 0.974296
1 0.991042
1 0.541962
1 0.977438
1 0.996529
1 0.992967
1 0.662593
1 0.988726
1 0.971381
1 0.913226
1 0.829590
1 0.045914
1 0.993052
1 0.988406
1 0.321409
1 0.990188
1 0.995251
1 0.770843
1 0.242124
1 0.956966
1 0.997283
1 0.995701
1 0.920440
1 0.938576
1 0.946512
1 0.000176
1 0.998252
1 0.956841
1 0.995443
1 0.993122
1 0.892040
1 0.847202
1 0.907054
1 0.989771
1 0.407379
1 0.952796
1 0.998935
1 0.985955
1 0.986645
1 0.573669
1 0.990541
1 0.994602
1 0.997297
1 0.997675
1 0.950191
1 0.727248
1 0.844617
1 0.959750
1 0.883541
1 0.994851
1 0.993127
1 0.643500
1 0.984135
1 0.847619
1 0.988579
1 0.984289
1 0.997762
1 0.968339
1 0.981202
1 0.669273
1 0.989700
1 0.991670
1 0.912826
1 0.990999
1 0.610251
1 0.992037
1 0.976425
1 0.992203
1 0.979810
1 0.759854
1 0.944208
1 0.979354
1 0.958094
1 0.966444
1 0.807390
1 0.439250
1 0.630898
1 0.971499
1 0.194089
1 0.439599
1 0.866941
1 0.986345
1 0.830377
1 0.998573
1 0.987945
1 0.991069
1 0.958738
1 0.809234
1 0.999074
1 0.978556
1 0.980646
1 0.962500
1 0.964394
1 0.816928
1 0.980563
1 0.993642
1 0.306697
1 0.962050
1 0.980659
1 0.974316
1 0.979857
1 0.985427
1 0.916350
1 0.993045
1 0.894521
1 0.950805
1 0.833953
1 0.376973
1 0.991478
1 0.995900
1 0.974927
1 0.996847
1 0.996420
1 0.385406
1 0.990556
1 0.802607
1 0.090187
1 0.960920
1 0.998866
1 0.980588
1 0.983800
1 0.996984
1 0.988762
1 0.770490
1 0.994545
1 0.993813
1 0.274911
1 0.977283
1 0.923919
1 0.903866
1 0.024003
1 0.989308
1 0.215810
1 0.698784
1 0.978349
1 0.989401
1 0.994095
1 0.215651
1 0.913449
1 0.507750
1 0.990653
1 0.835477
1 0.981590
1 0.940002
1 0.979071
1 0.967502
1 0.537757
1 0.949835
1 0.979840
1 0.984415
1 0.993593
1 0.995818
1 0.995269
1 0.996892
1 0.918174
1 0.205794
1 0.991752
1 0.147246
1 0.952036
1 0.998382
1 0.979800
1 0.918985
1 0.970527
1 0.996760
1 0.986546
1 0.986387
1 0.986312
1 0.950708
1 0.531721
1 0.998420
1 0.999223
1 0.996496
1 0.916853
1 0.975662
1 0.995564
1 0.257829
1 0.927133
1 0.584301
1 0.675640
1 0.996559
1 0.920828
1 0.983428
1 0.987273
1 0.575237
1 0.991615
1 0.086239
1 0.979306
1 0.905722
1 0.999038
1 0.938722
1 0.198579
1 0.387383
1 0.934831
1 0.952872
1 0.993264
1 0.975742
1 0.970161
1 0.986598
1 0.984754
1 0.982987
1 0.949809
1 0.000890
1 0.973069
1 0.992615
1 0.998443
1 0.994110
1 0.997044
1 0.540403
1 0.990187
1 0.995898
1 0.997784
1 0.690303
1 0.449316
1 0.315824
1 0.759718
1 0.989762
1 0.998874
1 0.820743
1 0.998901
1 0.992249
1 0.996106
1 0.994060
1 0.619952
1 0.191602
1 0.614124
1 0.979454
1 0.999247
1 0.223204
1 0.836096
1 0.993421
1 0.952547
1 0.990474
1 0.989280
1 0.289119
1 0.998892
1 0.986135
1 0.990091
1 0.846704
1 0.928560
1 0.879801
1 0.972458
1 0.996939
1 0.968300
1 0.978971
1 0.229188
1 0.003966
1 0.997396
1 0.985256
1 0.993681
1 0.989535
1 0.975178
1 0.932772
1 0.878012
1 0.966173
1 0.998340
1 0.921477
1 0.681990
1 0.993889
1 0.661334
1 0.967419
1 0.974483
1 0.504580
1 0.989431
1 0.954377
1 0.996804
1 0.138504
1 0.929255
1 0.970717
1 0.999219
1 0.990430
1 0.885816
1 0.359102
1 0.993229
1 0.996627
1 0.441814
1 0.976911
1 0.961224
1 0.975549
1 0.993929
1 0.987123
1 0.981329
1 0.984689
1 0.997736
1 0.715962
1 0.964296
1 0.239364
1 0.980227
1 0.964059
1 0.562227
1 0.998558
1 0.709419
1 0.954366
1 0.971318
1 0.947172
1 0.949884
1 0.998282
1 0.028735
1 0.994432
1 0.937069
1 0.893409
1 0.988717
1 0.954078
1 0.967463
1 0.979524
1 0.983398
1 0.980075
1 0.993729
1 0.887781
1 0.821473
1 0.950373
1 0.992791
1 0.890433
1 0.916116
1 0.869795
1 0.922707
1 0.956255
1 0.943675
1 0.639835
1 0.009714
1 0.964608
1 0.915979
1 0.834605
1 0.995077
1 0.998818
1 0.973818
1 0.981619
1 0.868843
1 0.003281
1 0.996809
1 0.956510
1 0.847881
1 0.991580
1 0.987853
1 0.392948
1 0.998600
1 0.141175
1 0.999507
1 0.982953
1 0.929911
1 0.944231
1 0.810009
1 0.968262
1 0.990177
1 0.212582
1 0.982474
1 0.948222
1 0.898664
1 0.996453
1 0.983544
1 0.947418
1 0.995711
1 0.986416
1 0.928429
1 0.999912
1 0.588593
1 0.985019
1 0.695554
1 0.968312
1 0.994257
1 0.509726
1 0.710145
1 0.990110
1 0.999321
1 0.960924
1 0.685954
1 0.993611
1 0.426527
1 0.976644
1 0.875769
1 0.987435
1 0.989338
1 0.361365
1 0.969592
1 0.992672
1 0.823903
1 0.996054
1 0.989769
1 0.997738
1 0.116558
1 0.986919
1 0.928572
1 0.956120
1 0.982020
1 0.900414
1 0.991813
1 0.987621
1 0.366649
1 0.567313
1 0.961193
1 0.991931
1 0.998097
1 0.749817
1 0.988316
1 0.071567
1 0.933819
1 0.993341
1 0.201696
1 0.995275
1 0.995471
1 0.845190
1 0.338430
1 0.994732
1 0.985897
1 0.618108
1 0.957572
1 0.984528
1 0.978320
1 0.264679
1 0.989945
1 0.993832
1 0.954881
1 0.015965
1 0.987829
1 0.793081
1 0.997610
1 0.006453
1 0.949231
1 0.897736
1 0.991970
1 0.828606
1 0.965692
1 0.817043
1 0.996635
1 0.721147
1 0.342068
1 0.926455
1 0.990369
1 0.473193
1 0.856886
1 0.972280
1 0.988529
1 0.876257
1 0.959808
1 0.117242
1 0.763784
1 0.961015
1 0.981386
1 0.983110
1 0.997345
1 0.956407
1 0.970436
1 0.898737
1 0.927988
1 0.842479
1 0.992639
1 0.983978
1 0.998220
1 0.998224
1 0.960939
1 0.879491
1 0.990562
1 0.846813
1 0.999620
1 0.985467
1 0.993102
1 0.995602
1 0.997605
1 0.986684
1 0.966273
1 0.994825
1 0.988061
1 0.977426
1 0.998771
1 0.983475
1 0.955877
1 0.092534
1 0.999452
1 0.995670
1 0.998399
1 0.984712
1 0.999334
1 0.827017
1 0.997187
1 0.723525
1 0.042391
1 0.892275
1 0.991632
1 0.979410
1 0.987410
1 0.996608
1 0.997289
1 0.983298
1 0.908704
1 0.998393
1 0.922928
1 0.998794
1 0.924869
1 0.298136
1 0.996532
1 0.969574
1 0.994725
1 0.999210
1 0.926291
1 0.996132
1 0.988558
1 0.818510
1 0.992064
1 0.959964
1 0.994184
1 0.951668
1 0.966954
1 0.996286
1 0.191851
1 0.974485
1 0.991111
1 0.961330
1 0.956885
1 0.628172
1 0.989409
1 0.053893
1 0.993560
1 0.997512
1 0.933056
1 0.992361
1 0.998596
1 0.458499
1 0.379370
1 0.973392
1 0.999316
1 0.937074
1 0.953920
1 0.039796
1 0.971041
1 0.376223
1 0.996263
1 0.996186
1 0.417513
1 0.993688
1 0.984269
1 0.114824
1 0.836180
1 0.990335
1 0.924024
1 0.977629
1 0.991820
1 0.890323
1 0.101286
1 0.989735
1 0.998286
1 0.953367
1 0.971505
1 0.720766
1 0.914489
1 0.978170
1 0.986553
1 0.996746
1 0.562945
1 0.806282
1 0.879273
1 0.883521
1 0.967065
1 0.986403
1 0.992330
1 0.984061
1 0.349883
1 0.994586
1 0.655062
1 0.931078
1 0.616614
1 0.997065
1 0.981842
1 0.875606
1 0.429983
1 0.947443
1 0.987089
1 0.635892
1 0.970789
1 0.944599
1 0.998627
1 0.057945
1 0.998489
1 0.519860
1 0.963036
1 0.685467
1 0.993641
1 0.914266
1 0.586735
1 0.658341
1 0.999053
1 0.793575
1 0.311352
1 0.338214
1 0.999662
1 0.913888
1 0.944810
1 0.996348
1 0.998011
1 0.899758
1 0.025259
1 0.974967
1 0.121218
1 0.129026
1 0.982804
1 0.647316
1 0.985543
1 0.870246
1 0.998894
1 0.997538
1 0.994725
1 0.995076
1 0.781805
1 0.696716
1 0.524895
1 0.994388
1 0.992065
1 0.932547
1 0.328725
1 0.759533
1 0.984641
1 0.792020
1 0.621864
1 0.909855
1 0.943928
1 0.992688
1 0.984341
1 0.997250
1 0.739801
1 0.984338
1 0.997410
1 0.995381
1 0.988367
1 0.902661
1 0.811484
1 0.651180
1 0.679678
1 0.921440
1 0.995677
1 0.495732
1 0.970997
1 0.996005
1 0.979362
1 0.637998
1 0.994214
1 0.987545
1 0.251594
1 0.997768
1 0.999566
1 0.971497
1 0.932498
1 0.997438
1 0.938577
1 0.978835
1 0.967966
1 0.983274
1 0.981958
1 0.986221
1 0.996831
1 0.810260
1 0.069135
1 0.199674
1 0.730641
1 0.973529
1 0.995200
1 0.289962
1 0.978380
1 0.032430
1 0.730049
1 0.851604
1 0.998604
1 0.028962
1 0.948520
1 0.994246
1 0.974329
1 0.968932
1 0.975219
1 0.992338
1 0.995920
1 0.958037
1 0.991263
1 0.688498
1 0.924229
1 0.993393
1 0.978029
1 0.655780
1 0.997705
1 0.973664
1 0.985190
1 0.985464
1 0.993089
1 0.987312
1 0.992984
1 0.991287
1 0.996917
1 0.985150
1 0.919142
1 0.984183
1 0.966757
1 0.950900
1 0.997937
1 0.982907
1 0.933196
1 0.979687
1 0.031056
1 0.977972
1 0.986610
1 0.787926
1 0.982317
1 0.998752
1 0.825649
1 0.995536
1 0.069331
1 0.999276
1 0.996540
1 0.981040
1 0.987297
1 0.940263
1 0.988965
1 0.475999
1 0.935294
1 0.996631
1 0.987203
1 0.998630
1 0.994611
1 0.764448
1 0.993189
1 0.986684
1 0.924031
1 0.987504
1 0.950302
1 0.992494
1 0.991251
1 0.000343
1 0.967719
1 0.375715
1 0.781307
1 0.988587
1 0.478749
1 0.942606
1 0.952777
1 0.996697
1 0.952605
1 0.986055
1 0.919999
1 0.984200
1 0.717590
1 0.997607
1 0.639781
1 0.994066
1 0.821696
1 0.995816
1 0.663349
1 0.989359
1 0.957859
1 0.128702
1 0.982424
1 0.968848
1 0.877232
1 0.985244
1 0.518112
1 0.953753
1 0.967597
1 0.998982
1 0.987550
1 0.998677
1 0.994688
1 0.996121
1 0.890619
1 0.430876
1 0.993914
1 0.845245
1 0.995093
1 0.995286
1 0.979344
1 0.953153
1 0.971491
1 0.948038
1 0.820258
1 0.978449
1 0.666795
1 0.976676
1 0.393177
1 0.985270
1 0.998864
1 0.994183
1 0.006045
1 0.999312
1 0.977217
1 0.987854
1 0.965440
1 0.935846
1 0.984297
1 0.980585
1 0.974737
1 0.995495
1 0.978657
1 0.988342
1 0.984679
1 0.755516
1 0.986601
1 0.992725
1 0.949658
1 0.899637
1 0.947194
1 0.064172
1 0.989063
1 0.961745
1 0.998841
1 0.669347
1 0.996724
1 0.993646
1 0.941879
1 0.966480
1 0.993516
1 0.992362
1 0.891403
1 0.388202
1 0.990180
1 0.662785
1 0.421138
1 0.995513
1 0.855743
1 0.998185
1 0.998566
1 0.980935
1 0.958371
1 0.989760
1 0.988306
1 0.998880
1 0.971858
1 0.995704
1 0.988259
1 0.995760
1 0.992251
1 0.370855
1 0.994504
1 0.947051
1 0.994801
1 0.993642
1 0.921631
1 0.968771
1 0.997517
1 0.998912
1 0.973235
1 0.990988
1 0.997859
1 0.981985
1 0.319280
1 0.996206
1 0.429727
1 0.998733
1 0.991448
1 0.893335
1 0.184555
1 0.998573
1 0.994773
1 0.996368
1 0.999247
1 0.990890
1 0.990780
1 0.995200
1 0.986474
1 0.896007
1 0.987356
1 0.980415
1 0.971926
1 0.999370
1 0.984124
1 0.080341
1 0.708668
1 0.998757
1 0.689831
1 0.992316
1 0.102068
1 0.956735
1 0.980781
1 0.724281
1 0.965617
1 0.908320
1 0.055692
1 0.992912
1 0.827135
1 0.957268
1 0.982830
1 0.852979
1 0.756548
1 0.989050
1 0.766219
1 0.946528
1 0.944441
1 0.865473
1 0.947800
1 0.984930
1 0.999617
1 0.981084
1 0.998797
1 0.994220
1 0.960458
1 0.819115
1 0.990707
1 0.999118
1 0.988481
1 0.972390
1 0.728336
1 0.603123
1 0.991688
1 0.726911
1 0.994589
1 0.454985
1 0.947371
1 0.964896
1 0.954695
1 0.988030
1 0.992984
1 0.997026
1 0.989405
1 0.998115
1 0.271969
1 0.997355
1 0.973413
1 0.995966
1 0.985452
1 0.982310
1 0.975318
1 0.808594
1 0.983376
1 0.978067
1 0.825328
1 0.993622
1 0.995657
1 0.995425
1 0.606327
1 0.841506
1 0.692655
1 0.989190
1 0.994645
1 0.908213
1 0.999237
1 0.984557
1 0.815065
1 0.999246
1 0.997966
1 0.963663
1 0.993909
1 0.998468
1 0.994316
1 0.763916
1 0.992797
1 0.925617
1 0.734127
1 0.970372
1 0.985650
1 0.997152
1 0.991416
1 0.759023
1 0.667899
1 0.884077
1 0.992466
1 0.976869
1 0.956322
1 0.990483
1 0.982162
1 0.908411
1 0.987042
1 0.983302
1 0.941053
1 0.821642
1 0.992963
1 0.979029
1 0.567925
1 0.985451
1 0.014060
1 0.640708
1 0.983031
1 0.973048
1 0.998353
1 0.981096
1 0.998519
1 0.990485
1 0.006860
1 0.366995
1 0.974057
1 0.992883
1 0.999371
1 0.988094
1 0.992912
1 0.992815
1 0.810936
1 0.944626
1 0.921775
1 0.982441
1 0.993602
1 0.987020
1 0.996798
1 0.238199
1 0.987610
1 0.867821
1 0.793692
1 0.992720
1 0.993465
1 0.986120
1 0.489080
1 0.473576
1 0.608840
1 0.718974
1 0.849404
1 0.048057
1 0.995389
1 0.996624
1 0.965051
1 0.415920
1 0.981912
1 0.945614
1 0.602038
1 0.998467
1 0.866663
1 0.995840
1 0.667695
1 0.937651
1 0.928135
1 0.983597
1 0.991640
1 0.994012
1 0.910477
1 0.994209
1 0.951668
1 0.059123
1 0.947079
1 0.219060
1 0.674601
1 0.791629
1 0.808451
1 0.996872
1 0.970979
1 0.951841
1 0.995903
1 0.969947
1 0.924180
1 0.993972
1 0.999285
1 0.984464
1 0.996029
1 0.979236
1 0.981030
1 0.949359
1 0.991972
1 0.942764
1 0.983630
1 0.955684
1 0.595527
1 0.993161
1 0.971193
1 0.937224
1 0.391450
1 0.997438
1 0.935757
1 0.988964
1 0.995337
1 0.632663
1 0.820476
1 0.996633
1 0.000973
1 0.621402
1 0.937551
1 0.997221
1 0.987022
1 0.803317
1 0.991482
1 0.995972
1 0.997852
1 0.987930
1 0.979638
1 0.967804
1 0.973133
1 0.975817
1 0.921305
1 0.919467
1 0.994681
1 0.993451
1 0.743829
1 0.834436
1 0.749707
1 0.993980
1 0.948016
1 0.986391
1 0.994404
1 0.970407
1 0.902648
1 0.959959
1 0.683345
1 0.243112
1 0.998147
1 0.995961
1 0.694197
1 0.514971
1 0.988543
1 0.992010
1 0.831764
1 0.993043
1 0.838057
1 0.270325
1 0.961208
1 0.654722
1 0.987119
1 0.980576
1 0.080739
1 0.972993
1 0.886441
1 0.982091
1 0.343581
1 0.985693
1 0.014562
1 0.975429
1 0.967022
1 0.966517
1 0.990017
1 0.989403
1 0.967892
1 0.985966
1 0.128077
1 0.993777
1 0.967451
1 0.999034
1 0.999525
1 0.017553
1 0.282270
1 0.558333
1 0.693542
1 0.996414
1 0.989096
1 0.327983
1 0.497595
1 0.998865
1 0.996197
1 0.660656
1 0.919632
1 0.997517
1 0.997688
1 0.951718
1 0.888862
1 0.870265
1 0.984959
1 0.983625
1 0.962711
1 0.988409
1 0.992834
1 0.991413
1 0.981801
1 0.996079
1 0.988883
1 0.993486
1 0.991728
1 0.973372
1 0.994947
1 0.951413
1 0.998840
1 0.978007
1 0.992993
1 0.859159
1 0.997712
1 0.942894
1 0.285632
1 0.715530
1 0.996152
1 0.991977
1 0.777667
1 0.998892
1 0.950931
1 0.964851
1 0.977893
1 0.343013
1 0.998070
1 0.997188
1 0.985368
1 0.994916
1 0.971344
1 0.993371
1 0.630023
1 0.850945
1 0.991122
1 0.946966
1 0.993562
1 0.969134
1 0.988210
1 0.473988
1 0.980385
1 0.997782
1 0.994419
1 0.996357
1 0.992694
1 0.936581
1 0.988605
1 0.721277
1 0.997355
1 0.329342
1 0.997233
1 0.995407
1 0.319328
1 0.992365
1 0.991433
1 0.330420
1 0.983985
1 0.858278
1 0.989061
1 0.997299
1 0.991782
1 0.944824
1 0.994669
1 0.666032
1 0.997020
1 0.973796
1 0.984098
1 0.992768
1 0.870247
1 0.993123
1 0.955565
1 0.201267
1 0.684020
1 0.970239
1 0.809025
1 0.275306
1 0.761751
1 0.890951
1 0.639126
1 0.990812
1 0.903220
1 0.980080
1 0.995674
1 0.995353
1 0.677436
1 0.997920
1 0.983772
1 0.991783
1 0.979767
1 0.960611
1 0.960901
1 0.983879
1 0.990795
1 0.109859
1 0.559837
1 0.995284
1 0.967437
1 0.993159
1 0.991902
1 0.992573
1 0.941571
1 0.986767
1 0.996554
1 0.980602
1 0.979489
1 0.697640
1 0.978020
1 0.965246
1 0.986514
1 0.996904
1 0.988711
1 0.940768
1 0.995055
1 0.294628
1 0.984032
1 0.998738
1 0.990528
1 0.970992
1 0.070589
1 0.992158
1 0.963365
1 0.554641
1 0.896542
1 0.996839
1 0.993030
1 0.998444
1 0.985937
1 0.999006
1 0.994141
1 0.361314
1 0.996929
1 0.855654
1 0.963558
1 0.995025
1 0.913918
1 0.991708
1 0.978156
1 0.986700
1 0.997448
1 0.997578
1 0.967584
1 0.732476
1 0.999105
1 0.985852
1 0.997630
1 0.800221
1 0.994895
1 0.780953
1 0.998290
1 0.620965
1 0.996025
1 0.986529
1 0.995766
1 0.979502
1 0.912619
1 0.932609
1 0.987092
1 0.916130
1 0.990449
1 0.800707
1 0.965433
1 0.937431
1 0.973803
1 0.986213
1 0.000224
1 0.977542
1 0.573399
1 0.356440
1 0.885884
1 0.806327
1 0.998156
1 0.913431
1 0.963772
1 0.939145
1 0.983693
1 0.996416
1 0.832384
1 0.993455
1 0.969606
1 0.993994
1 0.520974
1 0.977873
1 0.999668
1 0.996654
1 0.857807
1 0.970316
1 0.997952
1 0.995187
1 0.990804
1 0.996866
1 0.996397
1 0.973721
1 0.977253
1 0.487675
1 0.964981
1 0.986455
1 0.992126
1 0.745565
1 0.990254
1 0.958195
1 0.966128
1 0.992322
1 0.993909
1 0.880057
1 0.977356
1 0.999253
1 0.647966
1 0.587139
1 0.998120
1 0.011280
1 0.830403
1 0.984212
1 0.999119
1 0.987366
1 0.741885
1 0.899210
1 0.991196
1 0.967068
1 0.529934
1 0.999101
1 0.930343
1 0.997888
1 0.791129
1 0.997599
1 0.984299
1 0.562448
1 0.991682
1 0.710913
1 0.939310
1 0.995906
1 0.259067
1 0.410392
1 0.967026
1 0.977753
1 0.824767
1 0.950475
1 0.992587
1 0.995895
1 0.998197
1 0.347826
1 0.107623
1 0.978078
1 0.993663
1 0.994533
1 0.997126
1 0.663839
1 0.961851
1 0.990750
1 0.695744
1 0.982541
1 0.964339
1 0.991785
1 0.981891
1 0.983274
1 0.476901
1 0.979625
1 0.008199
1 0.956773
1 0.894299
1 0.992606
1 0.977504
1 0.999503
1 0.989419
1 0.995521
1 0.390656
1 0.999040
1 0.975575
1 0.997819
1 0.927953
1 0.125821
1 0.999590
1 0.990399
1 0.978158
1 0.995769
1 0.995690
1 0.539909
1 0.997358
1 0.993854
1 0.989644
1 0.009457
1 0.982726
1 0.914954
1 0.348429
1 0.367925
1 0.992837
1 0.993086
1 0.996989
1 0.752845
1 0.995005
1 0.999738
1 0.997301
1 0.986469
1 0.992306
1 0.987072
1 0.998223
1 0.989570
1 0.998056
1 0.990425
1 0.992766
1 0.134009
1 0.997070
1 0.997583
1 0.976503
1 0.898502
1 0.824618
1 0.557571
1 0.175881
1 0.999235
1 0.914558
1 0.900985
1 0.994659
1 0.983440
1 0.459694
1 0.996423
1 0.968858
1 0.978296
1 0.764955
1 0.977012
1 0.972647
1 0.994986
1 0.974838
1 0.979526
1 0.990769
1 0.927147
1 0.177142
1 0.906631
1 0.991480
1 0.969874
1 0.976599
1 0.937990
1 0.995076
1 0.406695
1 0.985463
1 0.318875
1 0.998369
1 0.975424
1 0.975488
1 0.998534
1 0.964503
1 0.997238
1 0.902765
1 0.321303
1 0.455700
1 0.260632
1 0.972857
1 0.863431
1 0.970730
1 0.072885
1 0.982310
1 0.957099
1 0.950754
1 0.993670
1 0.956535
1 0.996565
1 0.999359
1 0.995440
1 0.998262
1 0.977822
1 0.856117
1 0.995694
1 0.994596
1 0.989635
1 0.981261
1 0.798327
1 0.988570
1 0.986733
1 0.993296
1 0.992856
1 0.996880
1 0.994621
1 0.320637
1 0.997195
1 0.992932
1 0.984265
1 0.989696
1 0.980934
1 0.993367
1 0.014706
1 0.429955
1 0.314576
1 0.909225
1 0.653343
1 0.319310
1 0.989407
1 0.993320
1 0.890741
1 0.191894
1 0.983040
1 0.976620
1 0.994810
1 0.986748
1 0.994564
1 0.473907
1 0.997637
1 0.994791
1 0.007176
1 0.976863
1 0.977809
1 0.981758
1 0.702209
1 0.979849
1 0.996608
1 0.993510
1 0.994592
1 0.866697
1 0.997959
1 0.989261
1 0.955941
1 0.997280
1 0.989347
1 0.997123
1 0.992587
1 0.969666
1 0.726419
1 0.897427
1 0.981209
1 0.977891
1 0.987746
1 0.735971
1 0.605823
1 0.995744
1 0.601691
1 0.996900
1 0.478097
1 0.054043
1 0.993652
1 0.722775
1 0.294025
1 0.987216
1 0.761195
1 0.616185
1 0.995435
1 0.997837
1 0.422708
1 0.991434
1 0.994885
1 0.992378
1 0.971740
1 0.989214
1 0.988799
1 0.051351
1 0.997318
1 0.951416
1 0.979116
1 0.055543
1 0.976465
1 0.997200
1 0.996401
1 0.527333
1 0.253728
1 0.981614
1 0.954950
1 0.971770
1 0.989413
1 0.943437
1 0.968059
1 0.996619
1 0.996943
1 0.240866
1 0.708130
1 0.999430
1 0.934915
1 0.852040
1 0.483802
1 0.989677
1 0.994679
1 0.992092
1 0.914014
1 0.922664
1 0.998183
1 0.999408
1 0.976357
1 0.995707
1 0.982210
1 0.130421
1 0.988192
1 0.773027
1 0.966496
1 0.998058
1 0.982696
1 0.765288
1 0.989953
1 0.944631
1 0.980613
1 0.392773
1 0.612234
1 0.152695
1 0.208466
1 0.348659
1 0.920295
1 0.988334
1 0.968760
1 0.997556
1 0.947127
1 0.996877
1 0.945893
1 0.995496
1 0.996459
1 0.992310
1 0.996455
1 0.985582
1 0.581453
1 0.005537
1 0.585628
1 0.995474
1 0.644846
1 0.805399
1 0.916949
1 0.003243
1 0.996938
1 0.803613
1 0.997776
1 0.985529
1 0.988029
1 0.985969
1 0.955030
1 0.998389
1 0.993504
1 0.990021
1 0.992317
1 0.961634
1 0.200058
1 0.993325
1 0.424217
1 0.096389
1 0.993066
1 0.997462
1 0.980219
1 0.762299
1 0.996929
1 0.994569
1 0.995275
1 0.591342
1 0.962601
1 0.995244
1 0.825969
1 0.615324
1 0.989743
1 0.990578
1 0.989687
1 0.919703
1 0.773318
1 0.986417
1 0.992192
1 0.998622
1 0.999378
1 0.952343
1 0.764129
1 0.998126
1 0.515925
1 0.997210
1 0.997667
1 0.757741
1 0.491414
1 0.977656
1 0.860624
1 0.994156
1 0.972306
1 0.847391
1 0.643221
1 0.033676
1 0.991973
1 0.997903
1 0.872228
1 0.978480
1 0.999187
1 0.994514
1 0.437169
1 0.997419
1 0.986754
1 0.830400
1 0.999047
1 0.980316
1 0.984122
1 0.994302
1 0.999692
1 0.979270
1 0.994253
1 0.983587
1 0.994515
1 0.972147
1 0.941401
1 0.576848
1 0.988916
1 0.965043
1 0.976830
1 0.224560
1 0.991363
1 0.952334
1 0.995145
1 0.795372
1 0.990369
1 0.995338
1 0.996444
1 0.920656
1 0.981897
1 0.982085
1 0.997858
1 0.779435
1 0.994081
1 0.177652
1 0.602994
1 0.999322
1 0.816711
1 0.994848
1 0.998360
1 0.814786
1 0.974071
1 0.991457
1 0.633326
1 0.999081
1 0.992936
1 0.998520
1 0.971275
1 0.976555
1 0.986125
1 0.977324
1 0.985378
1 0.973948
1 0.976497
1 0.930206
1 0.996838
1 0.989304
1 0.945765
1 0.998487
1 0.993722
1 0.978849
1 0.718922
1 0.999506
1 0.937255
1 0.415354
1 0.789895
1 0.912593
1 0.984084
1 0.857280
1 0.997989
1 0.982425
1 0.777406
1 0.988659
1 0.981332
1 0.873598
1 0.033092
1 0.986726
1 0.931222
1 0.985104
1 0.995168
1 0.986053
1 0.900512
1 0.542935
1 0.969592
1 0.997544
1 0.915329
1 0.335138
1 0.995370
1 0.199114
1 0.911823
1 0.988730
1 0.995690
1 0.985818
1 0.978924
1 0.993475
1 0.957693
1 0.980434
1 0.923733
1 0.913000
1 0.658924
1 0.978061
1 0.961386
1 0.911154
1 0.978002
1 0.985736
1 0.010507
1 0.644461
1 0.983774
1 0.976897
1 0.987033
1 0.809163
1 0.945230
1 0.993639
1 0.939884
1 0.990529
1 0.948408
1 0.995412
1 0.993853
1 0.998600
1 0.977966
1 0.998552
1 0.997986
1 0.993826
1 0.986108
1 0.819842
1 0.992644
1 0.998438
1 0.159793
1 0.840518
1 0.987181
1 0.997184
1 0.990425
1 0.271484
1 0.989245
1 0.969258
1 0.661965
1 0.986714
1 0.989782
1 0.993425
1 0.044760
1 0.968000
1 0.749053
1 0.912368
1 0.239460
1 0.999201
1 0.026119
1 0.983744
1 0.990769
1 0.987052
1 0.598084
1 0.964653
1 0.243418
1 0.999231
1 0.970130
1 0.979185
1 0.999458
1 0.877134
1 0.997597
1 0.993599
1 0.107630
1 0.984567
1 0.563557
1 0.461810
1 0.984089
1 0.985913
1 0.981076
1 0.994822
1 0.261622
1 0.898497
1 0.996556
1 0.990807
1 0.987353
1 0.992551
1 0.996767
1 0.949539
1 0.291135
1 0.822481
1 0.982672
1 0.991506
1 0.905857
1 0.071332
1 0.908767
1 0.998795
1 0.255564
1 0.616112
1 0.994932
1 0.997733
1 0.968502
1 0.998809
1 0.991829
1 0.999467
1 0.868276
1 0.467695
1 0.970342
1 0.982982
1 0.916134
1 0.999446
1 0.871458
1 0.983946
1 0.998133
1 0.992997
1 0.968006
1 0.998718
1 0.994610
1 0.991757
1 0.992625
1 0.741801
1 0.987506
1 0.422921
1 0.069223
1 0.971856
1 0.002458
1 0.014760
1 0.095610
1 0.994789
1 0.998390
1 0.999190
1 0.986903
1 0.989496
1 0.000121
1 0.202490
1 0.206466
1 0.698304
1 0.937903
1 0.969879
1 0.997328
1 0.960831
1 0.983315
1 0.997326
1 0.994315
1 0.999376
1 0.991855
1 0.874657
1 0.512546
1 0.807450
1 0.968471
1 0.827389
1 0.996588
1 0.997279
1 0.994315
1 0.986569
1 0.965617
1 0.899533
1 0.860040
1 0.987971
1 0.763212
1 0.794741
1 0.973796
1 0.983147
1 0.991318
1 0.943712
1 0.935739
1 0.962428
1 0.989259
1 0.999338
1 0.955809
1 0.997941
1 0.952783
1 0.903027
1 0.983959
1 0.997586
1 0.990747
1 0.996226
1 0.123486
1 0.613352
1 0.963505
1 0.983636
1 0.988544
1 0.830788
1 0.831507
1 0.985086
1 0.376567
1 0.579881
1 0.995327
1 0.998394
1 0.866797
1 0.992214
1 0.971200
1 0.968836
1 0.838202
1 0.971210
1 0.971728
1 0.830216
1 0.981413
1 0.022353
1 0.917670
1 0.990675
1 0.995961
1 0.902814
1 0.996922
1 0.977719
1 0.979707
1 0.968610
1 0.999000
1 0.992574
1 0.978551
1 0.998517
1 0.993668
1 0.997951
1 0.998908
1 0.441532
1 0.964880
1 0.907170
1 0.980256
1 0.987202
1 0.992420
1 0.890632
1 0.998564
1 0.993516
1 0.986394
1 0.999119
1 0.996154
1 0.971418
1 0.961380
1 0.991758
1 0.957651
1 0.957821
1 0.994867
1 0.903410
1 0.982280
1 0.963288
1 0.949054
1 0.998762
1 0.992813
1 0.995889
1 0.968354
1 0.987970
1 0.522498
1 0.984144
1 0.968542
1 0.967653
1 0.998176
1 0.894424
1 0.994165
1 0.908387
1 0.232823
1 0.479481
1 0.985349
1 0.992774
1 0.257785
1 0.996364
1 0.992890
1 0.970440
1 0.177329
1 0.998454
1 0.998130
1 0.986118
1 0.416475
1 0.973026
1 0.517665
1 0.950889
1 0.947671
1 0.958932
1 0.998700
1 0.988064
1 0.962400
1 0.762104
1 0.985376
1 0.994964
1 0.973740
1 0.974255
1 0.989119
1 0.935612
1 0.021386
1 0.975822
1 0.999066
1 0.996811
1 0.991291
1 0.977023
1 0.995066
1 0.029639
1 0.992234
1 0.987738
1 0.998978
1 0.993646
1 0.999707
1 0.997786
1 0.992225
1 0.972621
1 0.978846
1 0.989245
1 0.993733
1 0.995135
1 0.982918
1 0.992045
1 0.996736
1 0.999411
1 0.996468
1 0.023782
1 0.838795
1 0.956182
1 0.981111
1 0.973750
1 0.992632
1 0.940881
1 0.990091
1 0.830498
1 0.648281
1 0.752634
1 0.910499
1 0.997281
1 0.996295
1 0.969438
1 0.528654
1 0.992078
1 0.955663
1 0.979251
1 0.784456
1 0.971453
1 0.144430
1 0.990899
1 0.967206
1 0.998496
1 0.977768
1 0.982633
1 0.863041
1 0.990977
1 0.994763
1 0.986603
1 0.991782
1 0.486995
1 0.996922
1 0.916590
1 0.999014
1 0.916569
1 0.976385
1 0.904956
1 0.628320
1 0.481675
1 0.947071
1 0.975912
1 0.929310
1 0.937701
1 0.086784
1 0.977224
1 0.988603
1 0.963036
1 0.923226
1 0.862223
1 0.979274
1 0.988938
1 0.990053
1 0.590867
1 0.446701
1 0.972365
1 0.361439
1 0.998554
1 0.511645
1 0.998711
1 0.482837
1 0.940227
1 0.999718
1 0.031280
1 0.992985
1 0.812814
1 0.990344
1 0.995310
1 0.939724
1 0.993069
1 0.983551
1 0.298666
1 0.997608
1 0.998354
1 0.978331
1 0.990785
1 0.976667
1 0.895684
1 0.998247
1 0.666196
1 0.990281
1 0.992716
1 0.999359
1 0.960491
1 0.867947
1 0.974906
1 0.987119
1 0.146610
1 0.528565
1 0.317738
1 0.959132
1 0.675482
1 0.876647
1 0.822313
1 0.818064
1 0.971613
1 0.998312
1 0.781455
1 0.869736
1 0.988126
1 0.991393
1 0.609118
1 0.736721
1 0.318639
1 0.981254
1 0.991290
1 0.994315
1 0.360454
1 0.305324
1 0.991756
1 0.838731
1 0.997829
1 0.970180
1 0.218409
1 0.929123
1 0.936335
1 0.986568
1 0.673439
1 0.998515
1 0.994719
1 0.990276
1 0.921207
1 0.351995
1 0.988771
1 0.591947
1 0.978168
1 0.454114
1 0.998471
1 0.961450
1 0.954282
1 0.857052
1 0.988463
1 0.985553
1 0.978364
1 0.995904
1 0.921942
1 0.982417
1 0.732318
1 0.996068
1 0.995311
1 0.307863
1 0.996683
1 0.978303
1 0.992548
1 0.999748
1 0.996850
1 0.985514
1 0.982994
1 0.992587
1 0.994653
1 0.992242
1 0.976137
1 0.922221
1 0.949881
1 0.994730
1 0.985139
1 0.845700
1 0.829708
1 0.714631
1 0.934940
1 0.961042
1 0.995980
1 0.480608
1 0.999476
1 0.009385
1 0.980809
1 0.872665
1 0.974371
1 0.985139
1 0.793189
1 0.833415
1 0.982079
1 0.956786
1 0.986495
1 0.995792
1 0.966108
1 0.998161
1 0.504270
1 0.996036
1 0.913570
1 0.992021
1 0.162821
1 0.993936
1 0.756458
1 0.990769
1 0.998637
1 0.964568
1 0.849712
1 0.544861
1 0.114445
1 0.987447
1 0.998750
1 0.710355
1 0.751718
1 0.527356
1 0.997148
1 0.918069
1 0.998739
1 0.977628
1 0.938829
1 0.940358
1 0.427648
1 0.996697
1 0.986274
1 0.992633
1 0.897089
1 0.552887
1 0.923786
1 0.660883
1 0.874866
1 0.999242
1 0.999562
1 0.675665
1 0.983655
1 0.734462
1 0.995143
1 0.229439
1 0.967057
1 0.989667
1 0.901791
1 0.989014
1 0.988372
1 0.940666
1 0.994884
1 0.475905
1 0.926201
1 0.985452
1 0.989069
1 0.972757
1 0.852578
1 0.817915
1 0.211519
1 0.312138
1 0.996731
1 0.141366
1 0.827402
1 0.983165
1 0.990950
1 0.921642
1 0.912420
1 0.801782
1 0.979949
1 0.705359
1 0.969628
1 0.997721
1 0.968684
1 0.863993
1 0.997404
1 0.995943
1 0.991140
1 0.991746
1 0.817755
1 0.989325
1 0.927585
1 0.994147
1 0.702050
1 0.996289
1 0.931801
1 0.992724
1 0.576345
1 0.975483
1 0.990971
1 0.981943
1 0.998465
1 0.980205
1 0.994782
1 0.989998
1 0.177360
1 0.957502
1 0.998716
1 0.338383
1 0.997156
1 0.976594
1 0.188192
1 0.996921
1 0.906143
1 0.982331
1 0.992302
1 0.967114
1 0.996180
1 0.796749
1 0.885083
1 0.748550
1 0.993949
1 0.989529
1 0.992914
1 0.517823
1 0.974459
1 0.996040
1 0.879906
1 0.995889
1 0.777811
1 0.816812
1 0.942840
1 0.889711
1 0.997872
1 0.950222
1 0.964563
1 0.956158
1 0.920779
1 0.997281
1 0.992906
1 0.998976
1 0.806947
1 0.999871
1 0.998553
1 0.989451
1 0.994160
1 0.998461
1 0.803106
1 0.988562
1 0.591847
1 0.986402
1 0.987895
1 0.931338
1 0.989676
1 0.980808
1 0.993333
1 0.995323
1 0.941355
1 0.991933
1 0.964329
1 0.371236
1 0.998858
1 0.995129
1 0.825000
1 0.704368
1 0.998725
1 0.996571
1 0.935207
1 0.998451
1 0.998099
1 0.953992
1 0.436370
1 0.995273
1 0.990629
1 0.998878
1 0.989053
1 0.967329
1 0.414233
1 0.993372
1 0.843027
1 0.974667
1 0.992827
1 0.059548
1 0.998770
1 0.883426
1 0.994898
1 0.999798
1 0.838562
1 0.752656
1 0.988729
1 0.997593
1 0.976926
1 0.840163
1 0.991247
1 0.924372
1 0.956236
1 0.984314
1 0.997605
1 0.988769
1 0.747542
1 0.999022
1 0.998581
1 0.996082
1 0.989895
1 0.604531
1 0.995241
1 0.940360
1 0.881942
1 0.996471
1 0.979343
1 0.969126
1 0.982977
1 0.988102
1 0.998729
1 0.939847
1 0.989296
1 0.787408
1 0.937876
1 0.750770
1 0.841574
1 0.999498
1 0.953737
1 0.997715
1 0.996602
1 0.976525
1 0.996078
1 0.744516
1 0.997664
1 0.979469
1 0.993755
1 0.432620
1 0.997389
1 0.708427
1 0.939702
1 0.984635
1 0.973400
1 0.945911
1 0.759857
1 0.997678
1 0.926711
1 0.910557
1 0.839287
1 0.954738
1 0.577436
1 0.977061
1 0.924222
1 0.998241
1 0.970929
1 0.996649
1 0.990665
1 0.793584
1 0.106384
1 0.990109
1 0.950149
1 0.996143
1 0.877414
1 0.916507
1 0.992335
1 0.856366
1 0.956451
1 0.996823
1 0.957566
1 0.993060
1 0.976845
1 0.991668
1 0.994594
1 0.998988
1 0.929088
1 0.064687
1 0.524355
1 0.995655
1 0.987383
1 0.217174
1 0.832315
1 0.968421
1 0.997193
1 0.649908
1 0.991015
1 0.874822
1 0.936801
1 0.504109
1 0.992881
1 0.207911
1 0.476296
1 0.199712
1 0.998494
1 0.966740
1 0.982164
1 0.871478
1 0.991394
1 0.947383
1 0.986012
1 0.262454
1 0.214582
1 0.997709
1 0.996257
1 0.991026
1 0.064419
1 0.956573
1 0.004694
1 0.990103
1 0.796351
1 0.997165
1 0.931319
1 0.986163
1 0.874324
1 0.992079
1 0.991565
1 0.984824
1 0.444135
1 0.976752
1 0.190051
1 0.989623
1 0.983695
1 0.996546
1 0.989600
1 0.986841
1 0.313538
1 0.993164
1 0.988884
1 0.992981
1 0.999175
1 0.853836
1 0.998874
1 0.901047
1 0.987877
1 0.948833
1 0.994266
1 0.968562
1 0.984222
1 0.179040
1 0.990114
1 0.209441
1 0.998608
1 0.861493
1 0.998132
1 0.874072
1 0.977697
1 0.989246
1 0.997077
1 0.979043
1 0.992604
1 0.913092
1 0.980603
1 0.998422
1 0.998863
1 0.235335
1 0.983640
1 0.998272
1 0.993144
1 0.991811
1 0.882198
1 0.453361
1 0.983321
1 0.994476
1 0.855885
1 0.081217
1 0.804234
1 0.984475
1 0.571038
1 0.974544
1 0.996731
1 0.992840
1 0.996323
1 0.830622
1 0.664296
1 0.991636
1 0.971958
1 0.888761
1 0.047441
1 0.508239
1 0.323529
1 0.609608
1 0.887605
1 0.987663
1 0.505198
1 0.122391
1 0.207462
1 0.257555
1 0.997928
1 0.976858
1 0.998657
1 0.977776
1 0.020728
1 0.995500
1 0.854814
1 0.995774
1 0.996365
1 0.997591
1 0.592598
1 0.992556
1 0.985634
1 0.994366
1 0.906358
1 0.997212
1 0.953766
1 0.182813
1 0.981038
1 0.314061
1 0.995658
1 0.998311
1 0.781361
1 0.098554
1 0.998039
1 0.346197
1 0.942560
1 0.998211
