0 0.000180
0 0.012530
0 0.005870
0 0.010432
0 0.056329
0 0.012282
0 0.007183
0 0.001208
0 0.003571
0 0.018439
0 0.009897
0 0.092685
0 0.049222
0 0.006154
0 0.006764
0 0.027805
0 0.296064
0 0.003980
0 0.024587
0 0.003129
0 0.186853
0 0.117135
0 0.002215
0 0.004659
0 0.074648
0 0.003043
0 0.037362
0 0.012035
0 0.012584
0 0.057005
0 0.027683
0 0.007779
0 0.005606
0 0.153058
0 0.003296
0 0.332095
0 0.003360
0 0.005252
0 0.160276
0 0.011792
0 0.005299
0 0.010901
0 0.001052
0 0.034075
0 0.000675
0 0.011263
0 0.001138
0 0.029655
0 0.000432
0 0.000875
0 0.038735
0 0.026303
0 0.002050
0 0.011517
0 0.019075
0 0.064277
0 0.029225
0 0.052555
0 0.002585
0 0.011876
0 0.016153
0 0.006262
0 0.002641
0 0.006207
0 0.006882
0 0.025264
0 0.011814
0 0.005674
0 0.001631
0 0.530974
0 0.038846
0 0.065677
0 0.005579
0 0.029315
0 0.012541
0 0.001090
0 0.020191
0 0.001462
0 0.012754
0 0.009539
0 0.005286
0 0.013049
0 0.072981
0 0.015111
0 0.288364
0 0.008932
0 0.258636
0 0.012467
0 0.016559
0 0.006882
0 0.006023
0 0.001210
0 0.008029
0 0.008942
0 0.109608
0 0.070005
0 0.790116
0 0.004909
0 0.029120
0 0.002833
0 0.001678
0 0.006518
0 0.007803
0 0.014900
0 0.000613
0 0.069525
0 0.096900
0 0.007313
0 0.005283
0 0.002618
0 0.071855
0 0.031924
0 0.005015
0 0.062632
0 0.016121
0 0.000569
0 0.004964
0 0.000120
0 0.030994
0 0.101076
0 0.110437
0 0.002035
0 0.010924
0 0.020335
0 0.100228
0 0.010846
0 0.019566
0 0.004496
0 0.007311
0 0.007913
0 0.001322
0 0.044680
0 0.019000
0 0.005891
0 0.074574
0 0.043835
0 0.004681
0 0.029532
0 0.014304
0 0.009750
0 0.024193
0 0.021548
0 0.068792
0 0.000372
0 0.022734
0 0.004393
0 0.042770
0 0.002433
0 0.026856
0 0.078806
0 0.308856
0 0.001044
0 0.028066
0 0.014800
0 0.001162
0 0.003659
0 0.037324
0 0.013136
0 0.006487
0 0.000884
0 0.002001
0 0.005974
0 0.003991
0 0.000882
0 0.001532
0 0.053619
0 0.007893
0 0.031581
0 0.007040
0 0.006095
0 0.148010
0 0.005923
0 0.071693
0 0.010689
0 0.013342
0 0.012416
0 0.003737
0 0.008417
0 0.003395
0 0.080982
0 0.007253
0 0.013372
0 0.001081
0 0.014049
0 0.000515
0 0.001802
0 0.010076
0 0.002275
0 0.016450
0 0.024714
0 0.137934
0 0.014025
0 0.008869
0 0.022394
0 0.000615
0 0.025157
0 0.128169
0 0.004599
0 0.030613
0 0.742273
0 0.000284
0 0.009795
0 0.261071
0 0.004630
0 0.904921
0 0.000566
0 0.000008
0 0.073056
0 0.000608
0 0.000044
0 0.000195
0 0.019111
0 0.001806
0 0.004544
0 0.182458
0 0.009489
0 0.090997
0 0.005382
0 0.075138
0 0.001670
0 0.010544
0 0.127714
0 0.251815
0 0.002529
0 0.506486
0 0.003855
0 0.009885
0 0.000856
0 0.014857
0 0.006231
0 0.004667
0 0.005834
0 0.029088
0 0.126345
0 0.007230
0 0.006650
0 0.002396
0 0.024952
0 0.009108
0 0.034562
0 0.003723
0 0.001699
0 0.304576
0 0.016531
0 0.956405
0 0.022930
0 0.003091
0 0.026327
0 0.699814
0 0.007607
0 0.015888
0 0.017963
0 0.006627
0 0.005705
0 0.006873
0 0.006243
0 0.001745
0 0.004305
0 0.001352
0 0.012743
0 0.001888
0 0.005812
0 0.002288
0 0.009845
0 0.043242
0 0.080394
0 0.009921
0 0.010277
0 0.000424
0 0.217180
0 0.008597
0 0.000465
0 0.002421
0 0.086820
0 0.001822
0 0.092584
0 0.000515
0 0.022557
0 0.003460
0 0.044971
0 0.027356
0 0.015743
0 0.051894
0 0.013591
0 0.001615
0 0.004570
0 0.005505
0 0.562879
0 0.003091
0 0.010151
0 0.024696
0 0.001362
0 0.000853
0 0.088156
0 0.001541
0 0.002185
0 0.000671
0 0.042291
0 0.088666
0 0.018834
0 0.073529
0 0.001579
0 0.006351
0 0.021908
0 0.000347
0 0.512452
0 0.000590
0 0.006619
0 0.013566
0 0.007939
0 0.038257
0 0.166178
0 0.000004
0 0.026768
0 0.002985
0 0.003905
0 0.005893
0 0.041206
0 0.033141
0 0.114416
0 0.009571
0 0.175481
0 0.297066
0 0.037780
0 0.243425
0 0.003057
0 0.003329
0 0.002623
0 0.001152
0 0.099411
0 0.039513
0 0.000231
0 0.850654
0 0.007924
0 0.028890
0 0.018363
0 0.006205
0 0.000055
0 0.000115
0 0.301615
0 0.012801
0 0.003109
0 0.002682
0 0.001017
0 0.015370
0 0.028716
0 0.010388
0 0.001634
0 0.000058
0 0.004508
0 0.000152
0 0.000692
0 0.017664
0 0.088987
0 0.015250
0 0.000236
0 0.004608
0 0.019907
0 0.029562
0 0.010401
0 0.003040
0 0.007229
0 0.014984
0 0.000705
0 0.012432
0 0.012757
0 0.014306
0 0.012127
0 0.024117
0 0.026903
0 0.001419
0 0.003050
0 0.214053
0 0.000977
0 0.003517
0 0.026718
0 0.118275
0 0.004494
0 0.007880
0 0.032323
0 0.022967
0 0.014041
0 0.007779
0 0.002353
0 0.022045
0 0.026147
0 0.010586
0 0.001111
0 0.008312
0 0.021878
0 0.030126
0 0.053470
0 0.009342
0 0.052254
0 0.001726
0 0.000196
0 0.034785
0 0.002765
0 0.000733
0 0.013843
0 0.018547
0 0.160936
0 0.010894
0 0.015265
0 0.001284
0 0.006650
0 0.090411
0 0.143484
0 0.037482
0 0.023340
0 0.081801
0 0.042470
0 0.002169
0 0.082037
0 0.129778
0 0.001000
0 0.023034
0 0.000836
0 0.008316
0 0.001602
0 0.004001
0 0.018189
0 0.049836
0 0.007037
0 0.000630
0 0.023537
0 0.004257
0 0.067262
0 0.021706
0 0.070164
0 0.000002
0 0.037542
0 0.022510
0 0.020982
0 0.033129
0 0.025112
0 0.000552
0 0.042166
0 0.010127
0 0.000992
0 0.035899
0 0.077852
0 0.001444
0 0.000365
0 0.011035
0 0.006538
0 0.117586
0 0.026056
0 0.009949
0 0.038580
0 0.028269
0 0.044704
0 0.041254
0 0.007129
0 0.195611
0 0.011902
0 0.074371
0 0.002381
0 0.001617
0 0.012674
0 0.006027
0 0.002791
0 0.006680
0 0.050254
0 0.024941
0 0.008327
0 0.025886
0 0.002068
0 0.007225
0 0.010081
0 0.001938
0 0.019624
0 0.002195
0 0.028132
0 0.007838
0 0.029311
0 0.002559
0 0.006979
0 0.000620
0 0.023701
0 0.000626
0 0.004255
0 0.006977
0 0.115136
0 0.000034
0 0.001814
0 0.000254
0 0.000486
0 0.016161
0 0.002956
0 0.250458
0 0.000039
0 0.136040
0 0.002436
0 0.020202
0 0.008794
0 0.001410
0 0.322785
0 0.076541
0 0.000375
0 0.003161
0 0.118979
0 0.003817
0 0.005234
0 0.022825
0 0.002373
0 0.010979
0 0.013716
0 0.037003
0 0.093550
0 0.000099
0 0.000434
0 0.000963
0 0.002748
0 0.006311
0 0.002076
0 0.003606
0 0.005118
0 0.005503
0 0.046119
0 0.001746
0 0.007583
0 0.009806
0 0.000606
0 0.036303
0 0.002654
0 0.085580
0 0.001356
0 0.020409
0 0.005821
0 0.007388
0 0.001283
0 0.010617
0 0.015706
0 0.012751
0 0.069134
0 0.005897
0 0.003350
0 0.075273
0 0.004595
0 0.016833
0 0.032410
0 0.001517
0 0.489196
0 0.001502
0 0.007370
0 0.035324
0 0.011227
0 0.022016
0 0.022812
0 0.021342
0 0.061777
0 0.002520
0 0.075370
0 0.000964
0 0.007153
0 0.028494
0 0.051007
0 0.011793
0 0.017541
0 0.004312
0 0.028284
0 0.033932
0 0.036244
0 0.005828
0 0.009150
0 0.002303
0 0.001651
0 0.052080
0 0.005975
0 0.024979
0 0.006313
0 0.021507
0 0.002721
0 0.005835
0 0.012916
0 0.008493
0 0.002116
0 0.006497
0 0.000191
0 0.004218
0 0.013093
0 0.195139
0 0.018373
0 0.002128
0 0.026292
0 0.005093
0 0.011970
0 0.001926
0 0.096945
0 0.010556
0 0.002326
0 0.007621
0 0.017765
0 0.055103
0 0.011952
0 0.046048
0 0.088714
0 0.000733
0 0.000501
0 0.052314
0 0.005978
0 0.035354
0 0.008328
0 0.000734
0 0.020467
0 0.020661
0 0.006869
0 0.970799
0 0.006944
0 0.018283
0 0.003538
0 0.036958
0 0.001635
0 0.018537
0 0.004993
0 0.040205
0 0.001634
0 0.000888
0 0.002763
0 0.032741
0 0.004348
0 0.011597
0 0.003221
0 0.000690
0 0.030400
0 0.004897
0 0.002439
0 0.004320
0 0.012557
0 0.003881
0 0.005044
0 0.048213
0 0.019672
0 0.087633
0 0.002169
0 0.004957
0 0.003310
0 0.011613
0 0.012596
0 0.006130
0 0.010337
0 0.000032
0 0.096449
0 0.060660
0 0.006269
0 0.072775
0 0.355978
0 0.006623
0 0.005009
0 0.122123
0 0.004671
0 0.011468
0 0.008774
0 0.024430
0 0.001914
0 0.005203
0 0.004432
0 0.004724
0 0.006102
0 0.002055
0 0.079120
0 0.001248
0 0.047843
0 0.003785
0 0.007425
0 0.029738
0 0.000714
0 0.001274
0 0.003685
0 0.077563
0 0.006920
0 0.000052
0 0.003232
0 0.010700
0 0.000223
0 0.016114
0 0.015984
0 0.175970
0 0.020754
0 0.017959
0 0.016789
0 0.003611
0 0.015149
0 0.053145
0 0.000902
0 0.001668
0 0.003611
0 0.041548
0 0.019821
0 0.000622
0 0.042123
0 0.062643
0 0.002904
0 0.222621
0 0.004772
0 0.006652
0 0.056900
0 0.000439
0 0.019588
0 0.003369
0 0.140236
0 0.004193
0 0.002563
0 0.001094
0 0.002177
0 0.009462
0 0.008550
0 0.000725
0 0.000054
0 0.001003
0 0.004542
0 0.143207
0 0.044701
0 0.000058
0 0.093761
0 0.046155
0 0.229931
0 0.936955
0 0.000906
0 0.008032
0 0.673049
0 0.000001
0 0.000279
0 0.020073
0 0.009402
0 0.012170
0 0.006180
0 0.082934
0 0.007838
0 0.003666
0 0.062419
0 0.001121
0 0.018631
0 0.012249
0 0.000229
0 0.009134
0 0.000657
0 0.007290
0 0.023929
0 0.304053
0 0.003807
0 0.015523
0 0.078307
0 0.011335
0 0.000112
0 0.005254
0 0.008207
0 0.005747
0 0.038656
0 0.477447
0 0.026820
0 0.100324
0 0.007882
0 0.000044
0 0.002649
0 0.018107
0 0.009981
0 0.041315
0 0.000496
0 0.005595
0 0.047101
0 0.030330
0 0.001821
0 0.075780
0 0.001294
0 0.018369
0 0.001029
0 0.009518
0 0.009776
0 0.025362
0 0.003327
0 0.009527
0 0.178901
0 0.000767
0 0.071889
0 0.000595
0 0.010657
0 0.119236
0 0.033042
0 0.001938
0 0.000884
0 0.000868
0 0.019693
0 0.000230
0 0.041345
0 0.001420
0 0.013499
0 0.009257
0 0.037448
0 0.002170
0 0.009033
0 0.011274
0 0.077256
0 0.000848
0 0.136212
0 0.035075
0 0.391534
0 0.001488
0 0.000072
0 0.003986
0 0.007307
0 0.000056
0 0.029911
0 0.026827
0 0.008223
0 0.004772
0 0.000168
0 0.000532
0 0.109543
0 0.004436
0 0.001666
0 0.036945
0 0.113642
0 0.000243
0 0.003382
0 0.007952
0 0.597394
0 0.005680
0 0.000511
0 0.003577
0 0.022608
0 0.030926
0 0.040635
0 0.001581
0 0.083899
0 0.000447
0 0.072905
0 0.010195
0 0.033481
0 0.007055
0 0.001158
0 0.013490
0 0.005437
0 0.013109
0 0.007161
0 0.026876
0 0.016592
0 0.002660
0 0.320888
0 0.000329
0 0.149010
0 0.009261
0 0.037446
0 0.017616
0 0.000142
0 0.011545
0 0.012152
0 0.097315
0 0.004752
0 0.011817
0 0.001712
0 0.025708
0 0.016186
0 0.000144
0 0.071072
0 0.064343
0 0.038309
0 0.035822
0 0.012956
0 0.002993
0 0.008244
0 0.027159
0 0.015421
0 0.023676
0 0.036680
0 0.005349
0 0.004438
0 0.002087
0 0.021657
0 0.002845
0 0.013763
0 0.016585
0 0.928934
0 0.005404
0 0.000150
0 0.015802
0 0.082583
0 0.001149
0 0.001244
0 0.007498
0 0.001814
0 0.004758
0 0.029402
0 0.003671
0 0.012702
0 0.014904
0 0.012370
0 0.000170
0 0.018993
0 0.025452
0 0.002521
0 0.000840
0 0.003915
0 0.033574
0 0.071048
0 0.001373
0 0.318905
0 0.001716
0 0.063875
0 0.040283
0 0.000592
0 0.004358
0 0.008454
0 0.013477
0 0.009458
0 0.001124
0 0.008816
0 0.003915
0 0.019323
0 0.017730
0 0.009445
0 0.070936
0 0.022937
0 0.009919
0 0.345444
0 0.002437
0 0.016262
0 0.043653
0 0.067842
0 0.002376
0 0.000731
0 0.016155
0 0.032913
0 0.013017
0 0.288776
0 0.006609
0 0.634512
0 0.002818
0 0.005281
0 0.017116
0 0.013556
0 0.060261
0 0.006463
0 0.043373
0 0.010179
0 0.000755
0 0.009809
0 0.003072
0 0.187664
0 0.013709
0 0.007348
0 0.004727
0 0.026238
0 0.004994
0 0.007482
0 0.197393
0 0.120278
0 0.017170
0 0.007537
0 0.000151
0 0.001142
0 0.009691
0 0.098374
0 0.011552
0 0.048914
0 0.038998
0 0.068560
0 0.008637
0 0.017623
0 0.000083
0 0.023597
0 0.130436
0 0.122513
0 0.000983
0 0.029936
0 0.009618
0 0.000791
0 0.003697
0 0.009984
0 0.048209
0 0.005944
0 0.090123
0 0.009305
0 0.015633
0 0.000956
0 0.001471
0 0.031928
0 0.046541
0 0.048904
0 0.026232
0 0.000003
0 0.112900
0 0.023333
0 0.002747
0 0.006547
0 0.006438
0 0.243838
0 0.019293
0 0.015493
0 0.003653
0 0.041550
0 0.075377
0 0.021059
0 0.002562
0 0.013580
0 0.563599
0 0.007160
0 0.006802
0 0.000155
0 0.000747
0 0.005939
0 0.007108
0 0.004532
0 0.065196
0 0.066865
0 0.039613
0 0.004687
0 0.017881
0 0.020360
0 0.076037
0 0.002837
0 0.004038
0 0.004252
0 0.014687
0 0.038859
0 0.131356
0 0.004989
0 0.420916
0 0.004064
0 0.029723
0 0.691106
0 0.062529
0 0.002396
0 0.005142
0 0.013007
0 0.009789
0 0.060017
0 0.000092
0 0.005393
0 0.079917
0 0.008013
0 0.002933
0 0.006712
0 0.014411
0 0.000495
0 0.036079
0 0.027426
0 0.000856
0 0.075637
0 0.020023
0 0.002859
0 0.013224
0 0.061224
0 0.027607
0 0.000614
0 0.002266
0 0.031056
0 0.005675
0 0.008903
0 0.042702
0 0.000414
0 0.004227
0 0.035560
0 0.020828
0 0.012841
0 0.017343
0 0.082488
0 0.052285
0 0.004707
0 0.007534
0 0.001155
0 0.000727
0 0.002609
0 0.115781
0 0.009948
0 0.048515
0 0.002002
0 0.005929
0 0.006849
0 0.020192
0 0.829085
0 0.001634
0 0.013631
0 0.062213
0 0.029312
0 0.001444
0 0.000613
0 0.021905
0 0.053848
0 0.094840
0 0.024904
0 0.043190
0 0.006269
0 0.033896
0 0.005837
0 0.000650
0 0.067102
0 0.014410
0 0.041931
0 0.001029
0 0.328799
0 0.053776
0 0.015056
0 0.003745
0 0.169582
0 0.012382
0 0.000283
0 0.000568
0 0.000497
0 0.099985
0 0.010813
0 0.003575
0 0.011809
0 0.005724
0 0.001787
0 0.000335
0 0.108661
0 0.057707
0 0.001122
0 0.026853
0 0.125351
0 0.034263
0 0.007113
0 0.001316
0 0.511206
0 0.111898
0 0.000511
0 0.003598
0 0.036641
0 0.006100
0 0.006542
0 0.057382
0 0.599131
0 0.000241
0 0.003746
0 0.041538
0 0.011917
0 0.026069
0 0.064799
0 0.001575
0 0.010803
0 0.080786
0 0.000044
0 0.001434
0 0.009974
0 0.021479
0 0.062338
0 0.062196
0 0.014994
0 0.007965
0 0.006551
0 0.088078
0 0.001365
0 0.021757
0 0.005580
0 0.001125
0 0.535472
0 0.009460
0 0.017660
0 0.000176
0 0.010776
0 0.006856
0 0.001207
0 0.072831
0 0.006146
0 0.029043
0 0.011870
0 0.013358
0 0.001153
0 0.002861
0 0.000605
0 0.023656
0 0.000090
0 0.000071
0 0.011318
0 0.013138
0 0.012908
0 0.003231
0 0.007146
0 0.027059
0 0.012361
0 0.019917
0 0.083898
0 0.345503
0 0.001110
0 0.010951
0 0.063146
0 0.031203
0 0.108276
0 0.007073
0 0.014233
0 0.037191
0 0.002171
0 0.000500
0 0.010865
0 0.023734
0 0.076346
0 0.013378
0 0.007448
0 0.025550
0 0.012259
0 0.003010
0 0.006978
0 0.005909
0 0.037551
0 0.047044
0 0.022142
0 0.000947
0 0.043041
0 0.009854
0 0.007211
0 0.001485
0 0.035335
0 0.014454
0 0.037466
0 0.001515
0 0.010182
0 0.002742
0 0.003102
0 0.002519
0 0.014186
0 0.002849
0 0.005625
0 0.057345
0 0.382625
0 0.004420
0 0.016287
0 0.004188
0 0.013474
0 0.090138
0 0.034911
0 0.023434
0 0.023474
0 0.005137
0 0.001312
0 0.029676
0 0.019669
0 0.033523
0 0.008589
0 0.005682
0 0.000340
0 0.189517
0 0.006380
0 0.001542
0 0.017767
0 0.010123
0 0.212286
0 0.001456
0 0.003899
0 0.130272
0 0.033693
0 0.001088
0 0.000563
0 0.017460
0 0.039172
0 0.001660
0 0.089679
0 0.000046
0 0.062736
0 0.528581
0 0.003471
0 0.032596
0 0.010670
0 0.021706
0 0.001306
0 0.074581
0 0.044176
0 0.006291
0 0.004516
0 0.003080
0 0.000612
0 0.016358
0 0.286688
0 0.015806
0 0.009598
0 0.006125
0 0.047596
0 0.002191
0 0.028869
0 0.011590
0 0.013457
0 0.002008
0 0.002503
0 0.057089
0 0.020466
0 0.048848
0 0.040795
0 0.002745
0 0.003353
0 0.038792
0 0.003073
0 0.010625
0 0.006918
0 0.007759
0 0.000971
0 0.046107
0 0.005830
0 0.403616
0 0.627988
0 0.321458
0 0.035981
0 0.002576
0 0.021205
0 0.031257
0 0.048030
0 0.016869
0 0.016977
0 0.007102
0 0.144579
0 0.005056
0 0.011146
0 0.118954
0 0.014704
0 0.129622
0 0.008429
0 0.009627
0 0.040003
0 0.004991
0 0.008807
0 0.018619
0 0.019378
0 0.018352
0 0.201775
0 0.005532
0 0.085930
0 0.007738
0 0.012334
0 0.020695
0 0.890294
0 0.092680
0 0.006762
0 0.004559
0 0.015090
0 0.011718
0 0.005504
0 0.016500
0 0.037633
0 0.017233
0 0.006757
0 0.011874
0 0.005277
0 0.000838
0 0.002435
0 0.011274
0 0.110119
0 0.000565
0 0.002191
0 0.042893
0 0.078956
0 0.260764
0 0.007290
0 0.001898
0 0.092748
0 0.010019
0 0.031880
0 0.004340
0 0.005650
0 0.044650
0 0.102926
0 0.013804
0 0.040711
0 0.025811
0 0.078754
0 0.005538
0 0.040751
0 0.135226
0 0.001531
0 0.000139
0 0.024871
0 0.008651
0 0.000613
0 0.011005
0 0.001718
0 0.031449
0 0.031416
0 0.004134
0 0.020467
0 0.003059
0 0.003384
0 0.040496
0 0.006693
0 0.053409
0 0.022826
0 0.161435
0 0.056097
0 0.039978
0 0.060518
0 0.008169
0 0.033183
0 0.000050
0 0.078565
0 0.017250
0 0.001108
0 0.007896
0 0.055026
0 0.017041
0 0.015364
0 0.053066
0 0.096520
0 0.004787
0 0.015262
0 0.003221
0 0.059309
0 0.066013
0 0.000382
0 0.008583
0 0.002711
0 0.001270
0 0.013176
0 0.040951
0 0.002073
0 0.008607
0 0.003125
0 0.039498
0 0.028106
0 0.009981
0 0.288372
0 0.002650
0 0.074885
0 0.032125
0 0.207156
0 0.002930
0 0.006818
0 0.048660
0 0.455577
0 0.000975
0 0.000557
0 0.001044
0 0.079400
0 0.016170
0 0.789929
0 0.025337
0 0.016482
0 0.001986
0 0.015076
0 0.099500
0 0.014387
0 0.000042
0 0.003823
0 0.005600
0 0.011123
0 0.008488
0 0.019870
0 0.063135
0 0.380296
0 0.011281
0 0.068745
0 0.123570
0 0.003487
0 0.023323
0 0.055677
0 0.052071
0 0.000352
0 0.000044
0 0.003190
0 0.024392
0 0.117152
0 0.083954
0 0.219119
0 0.042260
0 0.015595
0 0.007296
0 0.038863
0 0.008911
0 0.007159
0 0.000780
0 0.000922
0 0.002319
0 0.002249
0 0.009482
0 0.000591
0 0.090002
0 0.005936
0 0.030204
0 0.081486
0 0.005752
0 0.004549
0 0.019808
0 0.001569
0 0.002981
0 0.022807
0 0.002626
0 0.035516
0 0.034824
0 0.025984
0 0.029752
0 0.014569
0 0.020097
0 0.067101
0 0.022826
0 0.012010
0 0.027045
0 0.535523
0 0.017465
0 0.045007
0 0.124081
0 0.311342
0 0.008165
0 0.003163
0 0.003357
0 0.024348
0 0.049913
0 0.003472
0 0.482702
0 0.334998
0 0.003786
0 0.010121
0 0.033681
0 0.020714
0 0.010993
0 0.004148
0 0.013818
0 0.005790
0 0.002796
0 0.005929
0 0.009465
0 0.000684
0 0.009414
0 0.009716
0 0.002780
0 0.719239
0 0.018293
0 0.007276
0 0.041320
0 0.018027
0 0.020170
0 0.162301
0 0.001380
0 0.053999
0 0.040897
0 0.085540
0 0.001853
0 0.002669
0 0.871883
0 0.005099
0 0.260608
0 0.000634
0 0.033196
0 0.013351
0 0.007070
0 0.005942
0 0.004469
0 0.001882
0 0.074013
0 0.029445
0 0.002149
0 0.167116
0 0.029085
0 0.001482
0 0.566102
0 0.002165
0 0.018775
0 0.002735
0 0.031784
0 0.012564
0 0.034741
0 0.000973
0 0.003027
0 0.049009
0 0.007511
0 0.003145
0 0.022365
0 0.021320
0 0.001875
0 0.053138
0 0.001487
0 0.016880
0 0.005845
0 0.006937
0 0.000729
0 0.006488
0 0.007170
0 0.005279
0 0.003260
0 0.038363
0 0.008099
0 0.013344
0 0.023777
0 0.012646
0 0.027116
0 0.006397
0 0.015250
0 0.004103
0 0.018664
0 0.011852
0 0.010413
0 0.006883
0 0.008980
0 0.000161
0 0.531652
0 0.023571
0 0.002731
0 0.004543
0 0.001587
0 0.000902
0 0.007868
0 0.000447
0 0.184893
0 0.130730
0 0.003557
0 0.025603
0 0.000643
0 0.133717
0 0.010715
0 0.003598
0 0.001069
0 0.114866
0 0.200171
0 0.094852
0 0.000867
0 0.256192
0 0.001173
0 0.407623
0 0.000377
0 0.040497
0 0.002536
0 0.020147
0 0.001332
0 0.006843
0 0.000092
0 0.003421
0 0.022338
0 0.000243
0 0.151453
0 0.023608
0 0.025778
0 0.006842
0 0.055405
0 0.019972
0 0.109469
0 0.006824
0 0.004218
0 0.019010
0 0.001409
0 0.022005
0 0.306701
0 0.016233
0 0.012627
0 0.001177
0 0.009359
0 0.021454
0 0.003959
0 0.003786
0 0.001408
0 0.010592
0 0.001634
0 0.019218
0 0.045102
0 0.126959
0 0.002267
0 0.046711
0 0.016464
0 0.014333
0 0.000291
0 0.001162
0 0.003143
0 0.000787
0 0.001277
0 0.003617
0 0.003909
0 0.022549
0 0.011902
0 0.004864
0 0.056925
0 0.007710
0 0.026937
0 0.059926
0 0.008944
0 0.008397
0 0.014955
0 0.089055
0 0.122706
0 0.000597
0 0.011619
0 0.035232
0 0.008850
0 0.019465
0 0.003185
0 0.000182
0 0.055522
0 0.007911
0 0.020162
0 0.000989
0 0.003942
0 0.015351
0 0.184822
0 0.000409
0 0.002728
0 0.001177
0 0.010995
0 0.003639
0 0.102308
0 0.006577
0 0.001149
0 0.116417
0 0.005483
0 0.007587
0 0.000356
0 0.595771
0 0.018244
0 0.006472
0 0.023011
0 0.021035
0 0.007256
0 0.045328
0 0.002218
0 0.135763
0 0.110456
0 0.459315
0 0.120840
0 0.001132
0 0.002943
0 0.000137
0 0.005661
0 0.004888
0 0.001950
0 0.133153
0 0.007522
0 0.061478
0 0.062935
0 0.013119
0 0.001222
0 0.000168
0 0.014265
0 0.000193
0 0.282842
0 0.039576
0 0.002636
0 0.014106
0 0.004108
0 0.010100
0 0.007426
0 0.001945
0 0.006815
0 0.006226
0 0.068313
0 0.001375
0 0.033618
0 0.050509
0 0.038914
0 0.664210
0 0.010259
0 0.044829
0 0.039616
0 0.000704
0 0.071587
0 0.002527
0 0.002123
0 0.004153
0 0.075289
0 0.007667
0 0.000558
0 0.480936
0 0.017994
0 0.006693
0 0.001012
0 0.074658
0 0.057010
0 0.003319
0 0.006570
0 0.003986
0 0.012914
0 0.002971
0 0.109689
0 0.005910
0 0.030610
0 0.000814
0 0.090551
0 0.004295
0 0.023118
0 0.001202
0 0.315595
0 0.452200
0 0.187286
0 0.002522
0 0.013664
0 0.048614
0 0.005288
0 0.001515
0 0.001605
0 0.019729
0 0.002225
0 0.099192
0 0.007552
0 0.001612
0 0.010277
0 0.007038
0 0.002023
0 0.000832
0 0.021452
0 0.000766
0 0.089776
0 0.000365
0 0.000001
0 0.070177
0 0.038624
0 0.030703
0 0.001134
0 0.167654
0 0.046903
0 0.003701
0 0.018642
0 0.030758
0 0.005119
0 0.003151
0 0.011975
0 0.195355
0 0.140629
0 0.003375
0 0.019484
0 0.011987
0 0.002925
0 0.004549
0 0.059988
0 0.004187
0 0.003976
0 0.021224
0 0.046183
0 0.004629
0 0.003394
0 0.002213
0 0.086671
0 0.006265
0 0.092302
0 0.000774
0 0.032802
0 0.154190
0 0.008807
0 0.020970
0 0.005783
0 0.003446
0 0.000070
0 0.000899
0 0.000499
0 0.000191
0 0.003220
0 0.156755
0 0.109706
0 0.006084
0 0.110115
0 0.001864
0 0.000411
0 0.011989
0 0.016350
0 0.135925
0 0.014982
0 0.041554
0 0.212590
0 0.002716
0 0.008321
0 0.032995
0 0.005019
0 0.005854
0 0.192643
0 0.004311
0 0.208516
0 0.001837
0 0.000856
0 0.197162
0 0.027724
0 0.009857
0 0.000409
0 0.024811
0 0.118442
0 0.005657
0 0.005908
0 0.019483
0 0.001548
0 0.006588
0 0.003562
0 0.043116
0 0.000562
0 0.007711
0 0.076781
0 0.018897
0 0.058813
0 0.025780
0 0.011126
0 0.003935
0 0.002009
0 0.003706
0 0.001160
0 0.009603
0 0.001719
0 0.035424
0 0.001786
0 0.005543
0 0.039503
0 0.006571
0 0.012126
0 0.088017
0 0.001228
0 0.974645
0 0.010946
0 0.015054
0 0.077139
0 0.005302
0 0.012686
0 0.015311
0 0.058983
0 0.038175
0 0.050927
0 0.027563
0 0.089339
0 0.016247
0 0.007128
0 0.000075
0 0.008402
0 0.135476
0 0.053629
0 0.036865
0 0.014098
0 0.003463
0 0.002522
0 0.016866
0 0.007630
0 0.050105
0 0.002992
0 0.005877
0 0.003351
0 0.011107
0 0.040321
0 0.012642
0 0.012407
0 0.002085
0 0.002860
0 0.001671
0 0.010739
0 0.118345
0 0.014140
0 0.000184
0 0.005919
0 0.014439
0 0.046395
0 0.021094
0 0.046281
0 0.000403
0 0.023122
0 0.031024
0 0.001810
0 0.005215
0 0.005226
0 0.003858
0 0.001501
0 0.030514
0 0.033131
0 0.001455
0 0.000949
0 0.069633
0 0.064375
0 0.049000
0 0.030997
0 0.045570
0 0.007407
0 0.001024
0 0.032100
0 0.009871
0 0.001060
0 0.004564
0 0.008591
0 0.005660
0 0.012443
0 0.001414
0 0.022286
0 0.035757
0 0.172855
0 0.002123
0 0.003789
0 0.000142
0 0.084410
0 0.002214
0 0.010154
0 0.014218
0 0.018119
0 0.003103
0 0.079615
0 0.020236
0 0.359583
0 0.023915
0 0.000753
0 0.013330
0 0.006298
0 0.001135
0 0.004555
0 0.004183
0 0.021888
0 0.000779
0 0.000558
0 0.127807
0 0.013629
0 0.007667
0 0.005902
0 0.005888
0 0.074972
0 0.006967
0 0.083056
0 0.000545
0 0.658936
0 0.010371
0 0.001624
0 0.028636
0 0.063419
0 0.001474
0 0.023855
0 0.000128
0 0.172442
0 0.129078
0 0.211005
0 0.014643
0 0.004387
0 0.137541
0 0.010207
0 0.072771
0 0.000263
0 0.024352
0 0.133591
0 0.124768
0 0.000703
0 0.013073
0 0.047157
0 0.226919
0 0.054937
0 0.013580
0 0.035742
0 0.001598
0 0.006535
0 0.089111
0 0.009239
0 0.039106
0 0.012964
0 0.000483
0 0.023951
0 0.308312
0 0.040782
0 0.166960
0 0.001293
0 0.002364
0 0.005276
0 0.001881
0 0.017772
0 0.091000
0 0.011563
0 0.011532
0 0.006106
0 0.006613
0 0.004943
0 0.084983
0 0.002518
0 0.027009
0 0.030941
0 0.009914
0 0.036638
0 0.130426
0 0.002521
0 0.007385
0 0.047952
0 0.006829
0 0.009164
0 0.052648
0 0.002484
0 0.214790
0 0.000633
0 0.011860
0 0.002849
0 0.028923
0 0.002808
0 0.077499
0 0.004077
0 0.013792
0 0.127800
0 0.070921
0 0.001275
0 0.022011
0 0.043811
0 0.003406
0 0.004713
0 0.002113
0 0.001157
0 0.039418
0 0.006511
0 0.000983
0 0.007973
0 0.000045
0 0.001654
0 0.003059
0 0.012821
0 0.443867
0 0.000640
0 0.048243
0 0.016933
0 0.000423
0 0.005282
0 0.004586
0 0.010903
0 0.162108
0 0.008560
0 0.000459
0 0.000108
0 0.031374
0 0.034429
0 0.012960
0 0.438652
0 0.306275
0 0.007483
0 0.028504
0 0.163168
0 0.037849
0 0.094349
0 0.049529
0 0.022259
0 0.010706
0 0.001556
0 0.022685
0 0.002109
0 0.043425
0 0.003737
0 0.007587
0 0.025281
0 0.006265
0 0.016214
0 0.000437
0 0.398523
0 0.023222
0 0.027451
0 0.024612
0 0.499652
0 0.019976
0 0.006729
0 0.000532
0 0.002214
0 0.108740
0 0.001323
0 0.031215
0 0.005917
0 0.007122
0 0.016381
0 0.005254
0 0.005265
0 0.046035
0 0.005580
0 0.005586
0 0.008631
0 0.141464
0 0.000217
0 0.001703
0 0.006526
0 0.000592
0 0.011203
0 0.030510
0 0.012927
0 0.030815
0 0.005581
0 0.084321
0 0.131329
0 0.000046
0 0.019975
0 0.001372
0 0.000468
0 0.001979
0 0.005945
0 0.048970
0 0.001505
0 0.012537
0 0.026340
0 0.000804
0 0.138413
0 0.004106
0 0.021283
0 0.006397
0 0.001226
0 0.001827
0 0.000040
0 0.190464
0 0.007189
0 0.000974
0 0.020258
0 0.031758
0 0.017986
0 0.153421
0 0.008675
0 0.011481
0 0.000044
0 0.008130
0 0.004001
0 0.001527
0 0.007531
0 0.016038
0 0.019953
0 0.013495
0 0.006502
0 0.168684
0 0.029663
0 0.001232
0 0.003068
0 0.016122
0 0.013617
0 0.059986
0 0.110934
0 0.008066
0 0.000735
0 0.025277
0 0.000045
0 0.020931
0 0.015906
0 0.014918
0 0.002592
0 0.012733
0 0.001944
0 0.049928
0 0.004279
0 0.080710
0 0.026538
0 0.004255
0 0.001472
0 0.018238
0 0.000185
0 0.002421
0 0.093725
0 0.005362
0 0.003411
0 0.004761
0 0.012098
0 0.064774
0 0.014365
0 0.146466
0 0.028266
0 0.007770
0 0.038370
0 0.004528
0 0.015821
0 0.039638
0 0.001384
0 0.008768
0 0.006331
0 0.012270
0 0.006665
0 0.006455
0 0.003557
0 0.009534
0 0.002443
0 0.001253
0 0.001348
0 0.341834
0 0.095824
0 0.010108
0 0.002282
0 0.004148
0 0.053085
0 0.055371
0 0.009150
0 0.021494
0 0.000152
0 0.038550
0 0.177870
0 0.063349
0 0.024012
0 0.019623
0 0.045665
0 0.014076
0 0.002878
0 0.001304
0 0.016146
0 0.004584
0 0.009754
0 0.012639
0 0.003950
0 0.217025
0 0.009808
0 0.012895
0 0.000345
0 0.004038
0 0.000351
0 0.002396
0 0.050441
0 0.018717
0 0.001492
0 0.057871
0 0.012549
0 0.027190
0 0.024194
0 0.002250
0 0.010116
0 0.127699
0 0.010034
0 0.044381
0 0.002768
0 0.052443
0 0.001197
0 0.002168
0 0.045978
0 0.003635
0 0.048049
0 0.004547
0 0.002831
0 0.005169
0 0.013964
0 0.001792
0 0.000255
0 0.002956
0 0.001238
0 0.013882
0 0.003055
0 0.002402
0 0.006068
0 0.038904
0 0.004208
0 0.004857
0 0.058656
0 0.027591
0 0.016717
0 0.031099
0 0.004211
0 0.002277
0 0.040446
0 0.001482
0 0.191959
0 0.020592
0 0.003713
0 0.338147
0 0.048398
0 0.062332
0 0.003741
0 0.431969
0 0.008754
0 0.011466
0 0.007513
0 0.011009
0 0.001475
0 0.000750
0 0.014004
0 0.000426
0 0.001197
0 0.003106
0 0.135861
0 0.006125
0 0.000062
0 0.012023
0 0.066887
0 0.024018
0 0.002860
0 0.035966
0 0.004438
0 0.001582
0 0.000470
0 0.027602
0 0.005059
0 0.009281
0 0.011883
0 0.003032
0 0.008075
0 0.034046
0 0.001634
0 0.009836
0 0.010386
0 0.034037
0 0.002197
0 0.009379
0 0.027286
0 0.000906
0 0.003272
0 0.005599
0 0.004793
0 0.029825
0 0.156443
0 0.009017
0 0.008798
0 0.034495
0 0.015259
0 0.003901
0 0.037350
0 0.043611
0 0.048418
0 0.041152
0 0.006603
0 0.048177
0 0.006043
0 0.115633
0 0.058416
0 0.017214
0 0.014315
0 0.100361
0 0.164197
0 0.006106
0 0.007516
0 0.101002
0 0.007658
0 0.026547
0 0.023330
0 0.001333
0 0.156146
0 0.003468
0 0.015917
0 0.018915
0 0.002400
0 0.025705
0 0.000749
0 0.011351
0 0.005462
0 0.066577
0 0.011280
0 0.033226
0 0.003385
0 0.002594
0 0.022080
0 0.015265
0 0.009844
0 0.401853
0 0.002317
0 0.425519
0 0.410092
0 0.000883
0 0.019653
0 0.009973
0 0.055910
0 0.005456
0 0.023623
0 0.000180
0 0.001001
0 0.014854
0 0.001729
0 0.016134
0 0.100896
0 0.045640
0 0.011649
0 0.000073
0 0.000255
0 0.011507
0 0.001191
0 0.003913
0 0.003446
0 0.031736
0 0.005850
0 0.002072
0 0.027433
0 0.003920
0 0.190333
0 0.000226
0 0.002232
0 0.002696
0 0.000967
0 0.033068
0 0.028355
0 0.019146
0 0.012852
0 0.001959
0 0.000680
0 0.022845
0 0.008225
0 0.114214
0 0.012031
0 0.106901
0 0.010267
0 0.001212
0 0.007107
0 0.031583
0 0.010039
0 0.004133
0 0.443239
0 0.000951
0 0.000513
0 0.022042
0 0.000352
0 0.000815
0 0.017550
0 0.009979
0 0.392748
0 0.127087
0 0.029686
0 0.009132
0 0.035786
0 0.000443
0 0.028489
0 0.017472
0 0.001141
0 0.009326
0 0.001400
0 0.018310
0 0.000504
0 0.004713
0 0.000552
0 0.005441
0 0.000044
0 0.045680
0 0.000593
0 0.044320
0 0.074175
0 0.025708
0 0.044171
0 0.005554
0 0.007661
0 0.020399
0 0.009318
0 0.002437
0 0.078789
0 0.027796
0 0.010589
0 0.053126
0 0.015681
0 0.001132
0 0.001862
0 0.030262
0 0.000900
0 0.023328
0 0.010106
0 0.021716
0 0.011269
0 0.003794
0 0.001059
0 0.025528
0 0.027015
0 0.002725
0 0.000271
0 0.010249
0 0.012622
0 0.001681
0 0.005006
0 0.000554
0 0.004396
0 0.016271
0 0.004470
0 0.083703
0 0.001791
0 0.044020
0 0.004204
0 0.010538
0 0.009655
0 0.000118
0 0.007116
0 0.052080
0 0.006700
0 0.369825
0 0.003201
0 0.002406
0 0.027131
0 0.000694
0 0.000202
0 0.258488
0 0.050315
0 0.022263
0 0.001620
0 0.042857
0 0.030762
0 0.019897
0 0.018477
0 0.004049
0 0.320740
0 0.004240
0 0.010163
0 0.045480
0 0.016661
0 0.027072
0 0.016484
0 0.009875
0 0.025440
0 0.004688
0 0.054836
0 0.007269
0 0.000716
0 0.228611
0 0.004416
0 0.007724
0 0.028884
0 0.000133
0 0.052443
0 0.542043
0 0.006298
0 0.024570
0 0.001336
0 0.028092
0 0.036077
0 0.000986
0 0.004734
0 0.004054
0 0.015091
0 0.003485
0 0.011623
0 0.221234
0 0.944485
0 0.001945
0 0.216368
0 0.056016
0 0.018239
0 0.022028
0 0.000549
0 0.019908
0 0.013677
0 0.180367
0 0.033765
0 0.009274
0 0.009259
0 0.170416
0 0.000961
0 0.015868
0 0.118696
0 0.000514
0 0.018882
0 0.010544
0 0.016377
0 0.018085
0 0.007728
0 0.010811
0 0.016379
0 0.001875
0 0.003569
0 0.084566
0 0.019388
0 0.547217
0 0.114153
0 0.166267
0 0.001100
0 0.114720
0 0.039680
0 0.001540
0 0.020328
0 0.003172
0 0.085205
0 0.012492
0 0.001873
0 0.001928
0 0.007700
0 0.004815
0 0.057891
0 0.028981
0 0.005605
0 0.022123
0 0.026162
0 0.011445
0 0.025170
0 0.035457
0 0.004904
0 0.002732
0 0.001324
0 0.021369
0 0.002078
0 0.025406
0 0.007065
0 0.004268
0 0.882217
0 0.000909
0 0.030181
0 0.000267
0 0.029445
0 0.012164
0 0.007206
0 0.011739
0 0.011060
0 0.005809
0 0.004745
0 0.001478
0 0.011814
0 0.000698
0 0.137268
0 0.023297
0 0.017269
0 0.063746
0 0.050940
0 0.005315
0 0.014004
0 0.010900
0 0.014706
0 0.000956
0 0.008253
0 0.012271
0 0.002530
0 0.000221
0 0.005806
0 0.023918
0 0.082341
0 0.007611
0 0.025127
0 0.455214
0 0.006453
0 0.009055
0 0.010444
0 0.003212
0 0.005379
0 0.005754
0 0.039892
0 0.014605
0 0.000478
0 0.036006
0 0.032277
0 0.001622
0 0.048501
0 0.020579
0 0.144545
0 0.075902
0 0.001845
0 0.000131
0 0.019461
0 0.007160
0 0.067571
0 0.039207
0 0.116095
0 0.003047
0 0.001843
0 0.009377
0 0.001308
0 0.020047
0 0.137155
0 0.013992
0 0.021764
0 0.036813
0 0.003082
0 0.047562
0 0.005137
0 0.440643
0 0.016362
0 0.002511
0 0.001134
0 0.003003
0 0.024932
0 0.000432
0 0.026395
0 0.017136
0 0.044104
0 0.003635
0 0.005392
0 0.006216
0 0.011214
0 0.008779
0 0.004276
0 0.231106
0 0.002113
0 0.000254
0 0.009822
0 0.000304
0 0.078621
0 0.027002
0 0.006884
0 0.039345
0 0.010196
0 0.010703
0 0.003754
0 0.042983
0 0.000251
0 0.001246
0 0.042933
0 0.006802
0 0.001540
0 0.051377
0 0.110051
0 0.001430
0 0.016446
0 0.002156
0 0.271143
0 0.000274
0 0.010366
0 0.022057
0 0.034568
0 0.013844
0 0.009324
0 0.018033
0 0.021203
0 0.373932
0 0.030039
0 0.101727
0 0.012525
0 0.000385
0 0.016664
0 0.031858
0 0.000510
0 0.009512
0 0.018383
0 0.006098
0 0.013733
0 0.401784
0 0.044659
0 0.019807
0 0.012744
0 0.000549
0 0.006810
0 0.000681
0 0.237831
0 0.000275
0 0.215436
0 0.008909
0 0.091757
0 0.001942
0 0.005333
0 0.082614
0 0.000718
0 0.002596
0 0.011408
0 0.014074
0 0.006148
0 0.000779
0 0.094670
0 0.027596
0 0.177600
0 0.025222
0 0.000837
0 0.006233
0 0.001626
0 0.001569
0 0.011226
0 0.099637
0 0.010673
0 0.004128
0 0.006159
0 0.000307
0 0.018506
0 0.001254
0 0.004525
0 0.090946
0 0.401038
0 0.169369
0 0.010293
0 0.015782
0 0.214392
0 0.016786
0 0.006955
0 0.000595
0 0.005994
0 0.023130
0 0.021095
0 0.062671
0 0.003215
0 0.257203
0 0.002502
0 0.006436
0 0.002345
0 0.001065
0 0.005828
0 0.031112
0 0.000672
0 0.004905
0 0.013942
0 0.000606
0 0.027800
0 0.110338
0 0.013207
0 0.003873
0 0.001160
0 0.141350
0 0.016505
0 0.006049
0 0.000124
0 0.048881
0 0.037729
0 0.071763
0 0.002225
0 0.022995
0 0.006394
0 0.020264
0 0.369020
0 0.007126
0 0.039705
0 0.002034
0 0.009930
0 0.000810
0 0.047592
0 0.017356
0 0.000764
0 0.004621
0 0.002836
0 0.001894
0 0.005274
0 0.475581
0 0.014778
0 0.004291
0 0.166461
0 0.067722
0 0.009503
0 0.000081
0 0.016943
0 0.001478
0 0.115028
0 0.015290
0 0.017848
0 0.015406
0 0.000519
0 0.028886
0 0.007875
0 0.002491
0 0.011440
0 0.000400
0 0.006362
0 0.000444
0 0.013582
0 0.051827
0 0.000361
0 0.000446
0 0.011246
0 0.467531
0 0.000405
0 0.386501
0 0.000760
0 0.027633
0 0.006858
0 0.029675
0 0.005566
0 0.009603
0 0.015624
0 0.009483
0 0.035660
0 0.005354
0 0.003077
0 0.001594
0 0.012272
0 0.105298
0 0.001552
0 0.000729
0 0.103797
0 0.018916
0 0.086462
0 0.005019
0 0.114367
0 0.029445
0 0.002352
0 0.016282
0 0.036790
0 0.005401
0 0.009819
0 0.018165
0 0.001475
0 0.029754
0 0.005218
0 0.001595
0 0.504063
0 0.006522
0 0.268347
0 0.001934
0 0.012841
0 0.002835
0 0.007420
0 0.162410
0 0.017149
0 0.000576
0 0.004796
0 0.011349
0 0.009856
0 0.020683
0 0.004892
0 0.024150
0 0.066878
0 0.003340
0 0.000248
0 0.000778
0 0.028196
0 0.013028
0 0.209567
0 0.011924
0 0.052675
0 0.004897
0 0.017522
0 0.003969
0 0.020204
0 0.005693
0 0.049837
0 0.014179
0 0.024801
0 0.095769
0 0.000057
0 0.011608
0 0.000781
0 0.007420
0 0.009987
0 0.016245
0 0.000994
0 0.000755
0 0.079956
0 0.006044
0 0.009903
0 0.009483
0 0.240393
0 0.010161
0 0.006413
0 0.038068
0 0.012076
0 0.016558
0 0.017216
0 0.019528
0 0.002705
0 0.042934
0 0.001908
0 0.007868
0 0.004297
0 0.011869
0 0.006429
0 0.125439
0 0.006406
0 0.162188
0 0.003139
0 0.274969
0 0.138835
0 0.008173
0 0.005599
0 0.078089
0 0.037999
0 0.010132
0 0.001702
0 0.037555
0 0.010440
0 0.010615
0 0.003149
0 0.001630
0 0.004988
0 0.003616
0 0.082179
0 0.049841
0 0.080818
0 0.001755
0 0.002687
0 0.004856
0 0.006843
0 0.003934
0 0.006262
0 0.010623
1 0.224800
1 0.454163
1 0.005035
1 0.042274
1 0.061008
1 0.966829
1 0.018734
1 0.015292
1 0.887547
1 0.133020
1 0.932923
1 0.603872
1 0.999992
1 0.007557
1 0.768692
1 0.990920
1 0.999991
1 0.077317
1 0.701584
1 0.993804
1 0.939651
1 0.126848
1 0.015337
1 0.466588
1 0.972886
1 0.080484
1 0.992065
1 0.230554
1 0.999524
1 0.892492
1 0.688641
1 0.065408
1 0.986474
1 0.001947
1 0.993623
1 0.930912
1 0.276849
1 0.032619
1 0.981977
1 0.012090
1 0.068840
1 0.039201
1 0.999985
1 0.917720
1 0.003623
1 0.034938
1 0.013736
1 0.219869
1 0.983927
1 0.868617
1 0.085782
1 0.998383
1 0.077763
1 0.919984
1 0.586008
1 0.163309
1 0.652478
1 0.688409
1 0.088978
1 0.029041
1 0.986832
1 0.903180
1 0.977998
1 0.678730
1 0.442931
1 0.015097
1 0.987462
1 0.260550
1 0.839920
1 0.017342
1 0.461969
1 0.865146
1 0.013768
1 0.062102
1 0.592546
1 0.078796
1 0.231340
1 0.875171
1 0.860114
1 0.991970
1 0.008037
1 0.003285
1 0.013179
1 0.519641
1 0.881650
1 0.828515
1 0.844993
1 0.005529
1 0.929678
1 0.819592
1 1.000000
1 0.982079
1 0.599343
1 0.854347
1 0.113622
1 0.014914
1 0.998617
1 0.939410
1 0.293567
1 0.180974
1 0.380909
1 0.096494
1 0.990242
1 0.036419
1 0.068571
1 0.531348
1 0.300835
1 0.105182
1 0.944469
1 0.023302
1 0.926638
1 0.112094
1 0.999825
1 0.466659
1 0.567665
1 0.789840
1 0.409006
1 0.787818
1 0.081634
1 0.002738
1 0.012533
1 0.969267
1 0.847853
1 0.385219
1 0.297266
1 0.999323
1 0.842658
1 0.729982
1 0.265695
1 0.484016
1 0.920568
1 0.476801
1 0.976959
1 0.993790
1 0.087483
1 0.999653
1 0.991586
1 0.702882
1 0.662237
1 0.026904
1 0.274987
1 0.832378
1 0.981229
1 0.069413
1 0.942110
1 0.930534
1 0.210023
1 0.549163
1 0.059101
1 0.982376
1 0.998650
1 0.265170
1 0.978064
1 0.267244
1 0.135333
1 0.054213
1 0.030067
1 0.130823
1 0.274361
1 0.016253
1 0.055683
1 0.956383
1 0.019941
1 0.923014
1 0.997992
1 0.767650
1 0.288613
1 0.999440
1 0.104210
1 0.499902
1 0.135476
1 0.990719
1 0.019624
1 0.897383
1 0.056742
1 0.474545
1 0.200467
1 0.914089
1 0.120093
1 0.034442
1 0.147030
1 0.053236
1 0.978991
1 0.999990
1 0.036239
1 0.712628
1 0.328305
1 0.006578
1 0.269133
1 0.034633
1 0.577683
1 0.999577
1 0.991018
1 0.608228
1 0.867943
1 0.092185
1 0.050132
1 0.738333
1 0.327804
1 0.010309
1 0.061928
1 0.876721
1 0.021890
1 0.054681
1 0.592368
1 0.158821
1 0.459753
1 0.982669
1 0.030348
1 0.470562
1 0.117703
1 0.704764
1 0.121525
1 0.174151
1 0.498703
1 0.999415
1 0.035067
1 0.445882
1 0.038788
1 0.970713
1 0.839726
1 0.988905
1 0.062167
1 0.940721
1 0.092206
1 0.998403
1 0.024780
1 0.733573
1 0.994835
1 0.343879
1 0.013859
1 0.998442
1 0.999999
1 0.599736
1 0.045245
1 0.985399
1 0.861719
1 0.994354
1 0.998569
1 0.010959
1 0.994727
1 0.981527
1 0.030571
1 0.983528
1 0.083027
1 0.999998
1 0.999997
1 0.043522
1 0.073442
1 0.962185
1 0.301411
1 0.993941
1 0.953069
1 0.022766
1 0.055570
1 0.237753
1 0.173547
1 0.038036
1 0.680278
1 0.138783
1 0.094013
1 0.018478
1 0.197685
1 0.087926
1 0.778581
1 0.026321
1 0.180607
1 0.009194
1 0.995665
1 0.691652
1 0.984346
1 0.997291
1 0.025725
1 0.030643
1 0.972399
1 0.685043
1 0.085899
1 0.152193
1 0.709563
1 0.902712
1 0.135818
1 0.612944
1 0.186065
1 0.359492
1 0.210222
1 0.175972
1 0.669278
1 0.099738
1 0.998598
1 0.987629
1 0.578736
1 0.608844
1 0.876406
1 0.480427
1 0.459654
1 0.107937
1 0.472340
1 0.999160
1 0.006131
1 0.080714
1 0.995724
1 0.015854
1 0.409401
1 0.278717
1 0.999901
1 0.941402
1 0.009895
1 0.980612
1 0.131044
1 0.765589
1 0.017616
1 0.719272
1 0.597647
1 0.999982
1 0.671463
1 0.342815
1 0.998538
1 0.007481
1 0.829902
1 0.777437
1 0.553051
1 0.076390
1 0.016230
1 0.320709
1 0.055584
1 0.660737
1 0.332613
1 0.053841
1 0.688966
1 0.650411
1 0.242893
1 0.003982
1 0.056903
1 0.063125
1 0.997043
1 0.228824
1 0.992968
1 0.813368
1 0.602802
1 0.008413
1 0.107280
1 0.697508
1 0.967581
1 0.460606
1 0.990842
1 0.943871
1 0.006980
1 0.414018
1 0.964887
1 0.951944
1 0.953362
1 0.301886
1 0.051428
1 0.064107
1 0.373680
1 0.975619
1 0.011062
1 0.646823
1 0.977729
1 0.042786
1 0.054231
1 0.085160
1 0.998770
1 0.999586
1 0.098536
1 0.920592
1 0.210569
1 0.997775
1 0.956199
1 0.158720
1 0.092025
1 0.988328
1 0.168270
1 0.225671
1 0.402577
1 0.995475
1 0.146233
1 0.313448
1 0.755055
1 0.066018
1 0.999547
1 0.987344
1 0.065161
1 0.145779
1 0.004756
1 0.822833
1 0.094471
1 0.873903
1 0.289270
1 0.951282
1 0.183502
1 0.989949
1 0.444400
1 0.859653
1 0.838342
1 0.083979
1 0.018012
1 0.109374
1 0.204609
1 0.999173
1 0.311060
1 0.140990
1 0.166972
1 0.029648
1 0.658244
1 0.085925
1 0.148369
1 0.935095
1 0.609786
1 0.163101
1 0.446232
1 0.929572
1 0.028358
1 0.960132
1 0.106672
1 0.295743
1 0.103335
1 0.955129
1 0.080045
1 0.714624
1 0.462844
1 0.011628
1 0.999611
1 0.006627
1 0.995213
1 0.981540
1 0.103090
1 0.998408
1 0.558338
1 0.262298
1 0.755570
1 0.999908
1 0.055738
1 0.563601
1 0.007065
1 0.092269
1 0.637143
1 0.186699
1 0.005080
1 0.684447
1 0.681106
1 0.511916
1 0.735759
1 0.890925
1 0.999661
1 0.344564
1 0.999979
1 0.055419
1 0.036805
1 0.113001
1 0.022503
1 0.775678
1 0.996709
1 0.918685
1 0.037894
1 0.031672
1 0.190020
1 0.999326
1 0.998701
1 0.992372
1 0.981788
1 0.047799
1 0.764443
1 0.999997
1 0.826366
1 0.999994
1 0.999920
1 0.041713
1 0.998835
1 0.134863
1 0.826521
1 0.529021
1 0.059092
1 1.000000
1 0.387580
1 0.163083
1 0.232699
1 0.006103
1 0.994649
1 0.204192
1 0.085582
1 0.032574
1 0.733580
1 0.997099
1 0.991270
1 0.695797
1 0.129152
1 0.862713
1 0.584439
1 0.025482
1 0.060392
1 0.164741
1 0.022763
1 0.999821
1 0.720918
1 0.819399
1 0.280086
1 0.999233
1 0.999781
1 0.671244
1 0.106498
1 0.159451
1 0.999901
1 0.692399
1 0.000967
1 0.226301
1 0.248521
1 0.041175
1 0.306477
1 0.106031
1 0.007982
1 0.994718
1 0.201458
1 0.560461
1 0.769942
1 0.052240
1 0.132783
1 0.996166
1 0.937399
1 0.014712
1 0.778584
1 0.966673
1 0.092812
1 0.941119
1 0.375404
1 0.999737
1 0.035069
1 0.000254
1 0.059533
1 0.025939
1 0.016263
1 0.192478
1 0.109942
1 0.029030
1 0.246626
1 0.908881
1 0.010344
1 0.630086
1 0.141908
1 0.116471
1 0.981060
1 0.642254
1 0.120201
1 0.627756
1 0.228650
1 0.046313
1 0.997410
1 0.341885
1 0.999208
1 0.999879
1 0.759458
1 0.965337
1 0.709099
1 0.853722
1 0.129054
1 0.294758
1 0.151134
1 0.011091
1 0.175273
1 0.976044
1 0.982363
1 0.012567
1 0.507785
1 0.018845
1 0.113750
1 0.129840
1 0.149216
1 0.065873
1 0.017977
1 0.688553
1 0.991447
1 0.024306
1 0.087687
1 0.143937
1 0.999954
1 0.842455
1 0.198372
1 0.991282
1 0.026363
1 0.078408
1 0.058212
1 0.023809
1 0.019829
1 0.999944
1 0.255150
1 0.811419
1 0.731922
1 0.998750
1 0.011661
1 0.144612
1 0.064698
1 0.895779
1 0.964037
1 0.937858
1 0.957440
1 0.997514
1 0.203888
1 0.403977
1 0.052087
1 0.050496
1 0.373536
1 0.625917
1 0.153510
1 0.648677
1 0.896541
1 0.914097
1 0.138029
1 0.998914
1 0.999847
1 0.685798
1 0.347041
1 0.884223
1 0.309069
1 0.093981
1 0.999996
1 0.459447
1 0.829299
1 0.999989
1 0.122876
1 0.364602
1 0.325140
1 0.007605
1 0.984942
1 0.053421
1 0.170308
1 0.692063
1 0.028930
1 0.999956
1 0.008266
1 0.150526
1 0.882548
1 0.236218
1 0.562801
1 0.048325
1 0.702971
1 0.303782
1 0.955214
1 0.026728
1 0.015201
1 0.872336
1 0.088809
1 0.223950
1 0.622274
1 0.012613
1 0.982987
1 0.522981
1 0.125298
1 0.002359
1 0.453735
1 0.986966
1 0.006218
1 0.373231
1 0.677675
1 0.968608
1 0.044472
1 0.063997
1 0.999766
1 0.347655
1 0.410174
1 0.264360
1 0.090476
1 0.371766
1 0.929360
1 0.170663
1 0.996851
1 0.131503
1 0.984182
1 0.123187
1 0.019683
1 0.414725
1 0.369137
1 0.086883
1 0.792364
1 0.064806
1 0.149627
1 0.978241
1 0.910355
1 0.744169
1 0.019787
1 0.757811
1 0.827656
1 0.999751
1 0.568170
1 0.466988
1 0.010373
1 0.180875
1 0.526518
1 0.015928
1 0.036158
1 0.983558
1 0.906692
1 0.796270
1 0.823027
1 0.998340
1 0.089323
1 0.214229
1 0.231975
1 0.126302
1 0.682546
1 0.236602
1 0.768823
1 0.765945
1 0.283465
1 0.112286
1 0.996432
1 0.796417
1 0.998415
1 0.060850
1 0.088325
1 0.978555
1 0.998643
1 0.999905
1 0.034868
1 0.666394
1 0.014131
1 0.928954
1 0.295178
1 0.820147
1 0.130897
1 0.008009
1 0.006762
1 0.647081
1 0.063559
1 0.806000
1 0.934100
1 0.047433
1 0.277888
1 0.972127
1 0.620668
1 0.998077
1 0.992377
1 0.147473
1 0.999833
1 0.993289
1 0.833913
1 0.999976
1 0.999999
1 0.156601
1 0.851789
1 0.116778
1 0.651876
1 0.864545
1 0.994865
1 0.078355
1 0.203275
1 0.504828
1 0.595822
1 0.052072
1 0.741240
1 0.997556
1 0.007493
1 0.707958
1 0.337380
1 0.999856
1 1.000000
1 0.714906
1 0.250481
1 0.433117
1 0.291207
1 0.815358
1 0.013130
1 0.484977
1 0.723448
1 0.013181
1 0.130799
1 0.079603
1 0.209346
1 0.928987
1 0.447123
1 0.781428
1 0.129346
1 0.869130
1 0.039267
1 0.463667
1 0.898005
1 0.636272
1 0.147066
1 0.993520
1 0.901801
1 0.033469
1 0.998201
1 0.711187
1 0.993192
1 0.941440
1 0.643453
1 0.988111
1 0.346932
1 0.312489
1 0.732300
1 0.301875
1 0.060525
1 0.668100
1 0.052622
1 0.676323
1 0.064867
1 0.999180
1 0.111866
1 0.999782
1 0.031853
1 0.923986
1 0.109058
1 0.057565
1 0.789657
1 0.019028
1 0.076309
1 0.716299
1 0.079659
1 0.957607
1 0.621383
1 0.037357
1 0.046093
1 0.779337
1 0.931440
1 0.999155
1 0.992073
1 0.369331
1 0.026042
1 0.364894
1 0.939455
1 0.629605
1 0.240259
1 0.089629
1 0.549470
1 0.523406
1 0.899588
1 0.999717
1 0.133721
1 0.360305
1 0.116757
1 0.846109
1 0.089232
1 0.196573
1 0.018162
1 0.010936
1 0.820164
1 0.122863
1 0.999478
1 0.602423
1 0.766992
1 0.013947
1 0.011903
1 0.382328
1 0.044734
1 0.992164
1 0.456872
1 0.912353
1 0.060138
1 0.306767
1 0.856082
1 0.059029
1 0.017364
1 0.997938
1 0.015212
1 0.434218
1 0.996522
1 0.919029
1 0.028409
1 0.018631
1 0.688992
1 0.331131
1 0.056716
1 0.885668
1 0.006873
1 0.136182
1 0.863789
1 0.078632
1 0.307585
1 0.534790
1 0.122193
1 0.948656
1 0.347860
1 0.139382
1 0.913070
1 0.773592
1 0.068833
1 0.998923
1 0.764433
1 0.099905
1 0.745286
1 0.060636
1 0.615850
1 0.332092
1 0.016979
1 0.950841
1 0.155792
1 0.909129
1 0.915340
1 0.591066
1 0.193267
1 0.740957
1 0.020616
1 0.979039
1 0.019923
1 0.621350
1 0.024972
1 0.030462
1 0.936434
1 0.213044
1 0.613312
1 0.022478
1 0.992619
1 0.289735
1 0.779032
1 0.186663
1 0.480767
1 0.986033
1 0.605733
1 0.202650
1 0.081115
1 0.292171
1 0.107221
1 0.415230
1 0.264579
1 0.131975
1 0.050860
1 0.078578
1 0.016048
1 0.964984
1 0.023143
1 0.270306
1 0.035296
1 0.530977
1 0.960912
1 0.977826
1 0.843565
1 0.060935
1 0.464269
1 0.540399
1 0.416947
1 0.230499
1 0.094410
1 0.996077
1 0.846616
1 0.118752
1 0.143115
1 0.852432
1 0.953316
1 0.970877
1 0.996610
1 0.023986
1 0.149900
1 0.914407
1 0.780321
1 0.573873
1 0.032681
1 0.947075
1 0.012573
1 0.935906
1 0.793708
1 0.527350
1 0.996822
1 0.380729
1 0.958406
1 0.047690
1 0.254372
1 0.486824
1 0.940390
1 0.021574
1 0.543467
1 0.395168
1 0.032056
1 0.080783
1 0.510889
1 0.272953
1 0.244911
1 0.999257
1 0.881119
1 0.297390
1 0.133288
1 0.999958
1 0.228829
1 0.700533
1 0.878202
1 0.956547
1 0.045871
1 0.799253
1 0.479444
1 0.882831
1 0.078906
1 0.019383
1 0.287981
1 0.993416
1 0.074376
1 0.434007
1 0.112895
1 0.739472
1 0.791592
1 0.786500
1 0.997210
1 0.463657
1 0.255555
1 0.290632
1 0.156321
1 0.464648
1 0.164051
1 0.043142
1 0.093580
1 0.055095
1 0.252205
1 0.801544
1 0.128902
1 0.059778
1 0.995493
1 0.566948
1 0.995522
1 0.008061
1 0.713227
1 0.975534
1 0.998569
1 0.063069
1 0.915065
1 0.010992
1 0.999632
1 0.055731
1 0.073752
1 0.113539
1 0.606301
1 0.148041
1 0.999951
1 0.037743
1 0.998908
1 0.114106
1 0.996789
1 0.023987
1 0.143328
1 0.015862
1 0.152579
1 0.998198
1 0.154170
1 0.764058
1 0.929732
1 0.062195
1 0.483660
1 0.930698
1 0.778225
1 0.075682
1 0.310519
1 0.757028
1 0.999668
1 0.006516
1 0.207245
1 0.873885
1 0.264800
1 0.103245
1 0.175491
1 0.333165
1 0.021263
1 0.832145
1 0.087970
1 0.930984
1 0.505483
1 0.973499
1 0.162913
1 0.948333
1 0.008103
1 0.243703
1 0.943052
1 0.320663
1 0.398601
1 0.993063
1 0.255106
1 0.993405
1 0.964172
1 0.014437
1 0.763152
1 0.765469
1 0.899271
1 0.866360
1 0.781022
1 0.993461
1 0.505047
1 0.925846
1 0.997465
1 0.998575
1 0.999870
1 0.127166
1 0.837977
1 0.416030
1 0.277007
1 0.018732
1 0.053178
1 0.126695
1 0.992331
1 0.589233
1 0.995836
1 0.977849
1 0.005752
1 0.050195
1 0.903805
1 0.807914
1 0.749852
1 0.541093
1 0.265533
1 0.990747
1 0.031856
1 0.419419
1 0.463617
1 0.059595
1 0.525533
1 0.916367
1 0.516586
1 0.971921
1 0.327184
1 0.997124
1 0.934834
1 0.899102
1 0.212925
1 0.971641
1 0.720825
1 0.042218
1 0.107058
1 0.819681
1 0.079766
1 0.942128
1 0.985233
1 1.000000
1 0.037480
1 0.566686
1 0.591840
1 0.999937
1 0.999267
1 0.129317
1 0.182133
1 0.048138
1 0.048294
1 0.879597
1 0.057532
1 0.616060
1 0.036228
1 0.991078
1 0.452829
1 0.984085
1 0.246293
1 0.023095
1 0.033413
1 0.013574
1 0.020838
1 0.995671
1 0.998861
1 0.236769
1 0.095344
1 0.031936
1 0.057767
1 0.999923
1 0.256425
1 0.319737
1 0.196877
1 0.951692
1 0.996968
1 0.999997
1 0.943750
1 0.014194
1 0.999238
1 0.999675
1 0.163992
1 0.689784
1 0.078777
1 0.934965
1 0.014739
1 0.795187
1 0.028839
1 0.995518
1 0.039593
1 0.970180
1 0.820496
1 0.119863
1 0.999673
1 0.070508
1 0.997514
1 0.532805
1 0.970266
1 0.631519
1 0.027597
1 0.075998
1 0.083480
1 0.859907
1 0.987015
1 0.986997
1 0.969522
1 0.717453
1 0.999922
1 0.827815
1 0.462650
1 0.059704
1 0.976031
1 0.283654
1 0.428259
1 0.779833
1 0.999847
1 0.982714
1 0.998824
1 0.161800
1 0.742437
1 0.911941
1 0.220126
1 0.911145
1 0.034879
1 0.621256
1 0.902583
1 0.093321
1 0.595244
1 0.414415
1 0.984217
1 0.348752
1 0.976307
1 0.757784
1 0.073700
1 0.057770
1 0.074499
1 0.716810
1 0.886187
1 0.575605
1 0.033664
1 0.614761
1 0.990692
1 0.999577
1 0.037293
1 0.999864
1 0.999110
1 0.999901
1 0.953900
1 0.164426
1 0.237959
1 0.999664
1 0.155046
1 0.891439
1 0.008386
1 0.975083
1 0.591077
1 0.029341
1 0.101219
1 0.999969
1 0.802716
1 0.034579
1 0.398307
1 0.032764
1 0.152115
1 0.997103
1 0.073314
1 0.161712
1 0.992868
1 0.908101
1 0.982959
1 0.668590
1 0.988574
1 0.992794
1 0.079401
1 0.281708
1 0.249835
1 0.078607
1 0.773659
1 0.312792
1 0.665085
1 0.036993
1 0.850810
1 0.999991
1 0.029443
1 0.987946
1 0.048315
1 0.902256
1 0.216722
1 0.827174
1 0.022656
1 0.999990
1 0.227694
1 0.115591
1 0.019905
1 0.999827
1 0.036782
1 0.999870
1 0.663532
1 0.998579
1 0.987193
1 0.665199
1 0.172547
1 0.741536
1 0.905859
1 0.289212
1 0.585339
1 0.426801
1 0.941935
1 0.012931
1 0.693873
1 0.025950
1 0.999398
1 0.050022
1 0.843933
1 0.999318
1 0.037990
1 0.835633
1 0.002709
1 0.744253
1 0.183537
1 0.169273
1 0.408931
1 0.896784
1 0.347908
1 0.077144
1 0.148461
1 0.953323
1 0.400912
1 0.981638
1 0.005894
1 0.988573
1 0.806539
1 0.998638
1 0.808192
1 0.004517
1 1.000000
1 0.052476
1 0.051748
1 0.015486
1 0.578600
1 0.117992
1 0.102631
1 0.318489
1 0.622508
1 0.307540
1 0.694656
1 0.689646
1 0.018598
1 0.927461
1 0.866682
1 0.978958
1 0.999471
1 0.104641
1 0.779262
1 0.931076
1 0.234749
1 0.082952
1 0.114205
1 0.008446
1 0.983203
1 0.546512
1 0.016187
1 0.370376
1 0.966213
1 0.170707
1 0.979021
1 0.068318
1 0.887404
1 0.184044
1 0.018760
1 0.844445
1 0.008758
1 0.998681
1 0.999442
1 0.999999
1 0.516760
1 0.067144
1 0.041381
1 0.654111
1 0.665910
1 0.014522
1 0.039737
1 0.792072
1 0.495112
1 0.599762
1 0.019386
1 0.988064
1 0.854204
1 0.986291
1 0.269243
1 0.046961
1 0.414912
1 0.978202
1 0.999739
1 0.207650
1 0.344233
1 0.925072
1 0.923745
1 0.822968
1 0.902054
1 0.124222
1 0.979748
1 0.990207
1 0.059586
1 0.153272
1 0.387535
1 0.035977
1 0.208405
1 0.999862
1 0.999991
1 0.242969
1 0.996935
1 0.999499
1 0.378021
1 0.035000
1 0.166527
1 0.970519
1 0.999984
1 0.968021
1 0.991620
1 0.245189
1 0.096375
1 0.913866
1 0.966722
1 0.757943
1 0.658129
1 0.008775
1 0.043496
1 0.935005
1 0.159974
1 0.032761
1 0.025868
1 0.461694
1 0.999985
1 0.406806
1 0.117567
1 0.995487
1 0.847878
1 0.339053
1 0.066127
1 0.228310
1 0.058741
1 0.379481
1 0.988669
1 0.113548
1 0.123111
1 0.109227
1 0.019082
1 0.408641
1 0.756308
1 0.388955
1 0.035969
1 0.665269
1 0.012186
1 0.009510
1 0.265366
1 0.671881
1 0.312737
1 0.841976
1 0.005580
1 0.046354
1 0.097324
1 0.300547
1 0.879112
1 0.131678
1 0.025172
1 0.998119
1 0.004283
1 0.990302
1 0.018696
1 0.015789
1 0.999685
1 0.395661
1 0.974776
1 0.468891
1 0.999983
1 0.995105
1 0.889515
1 0.184502
1 0.117397
1 0.995827
1 0.824228
1 0.975921
1 0.881526
1 0.373601
1 0.999233
1 0.027716
1 0.563111
1 0.999935
1 0.040545
1 0.502068
1 0.345097
1 0.028610
1 0.050278
1 0.877526
1 0.369891
1 0.218059
1 0.961922
1 0.860172
1 0.996452
1 0.770011
1 0.999962
1 0.768968
1 0.999580
1 0.660352
1 0.995090
1 0.128853
1 0.435294
1 0.111375
1 0.983524
1 0.340683
1 0.031598
1 0.140723
1 0.620811
1 0.003607
1 0.572386
1 0.033303
1 0.153318
1 0.213780
1 0.645901
1 0.919027
1 0.127870
1 0.090474
1 0.989246
1 0.997707
1 0.986185
1 0.693689
1 0.059281
1 0.999881
1 0.915247
1 0.775270
1 0.087998
1 0.517743
1 0.386711
1 0.999816
1 0.999462
1 0.299169
1 0.999990
1 0.617647
1 0.975295
1 0.346026
1 0.905836
1 0.001024
1 0.502253
1 0.997124
1 0.097643
1 0.822367
1 0.961255
1 0.548459
1 0.219602
1 0.808362
1 0.726012
1 0.262474
1 0.645576
1 0.994165
1 0.986556
1 0.907122
1 0.991063
1 0.161982
1 0.078078
1 0.999996
1 0.099779
1 0.042396
1 0.999724
1 0.341100
1 0.978600
1 0.068448
1 0.679061
1 0.998417
1 0.264805
1 0.454704
1 0.058999
1 0.021705
1 0.126613
1 0.011963
1 0.131309
1 0.012927
1 0.833494
1 0.119833
1 0.950699
1 0.521284
1 0.032999
1 0.306008
1 0.124818
1 0.153630
1 0.996967
1 0.981719
1 0.109903
1 0.046505
1 0.211359
1 0.074636
1 0.999486
1 0.962730
1 0.999939
1 0.962029
1 0.048862
1 0.999869
1 0.081291
1 0.271031
1 0.001739
1 0.120598
1 0.015191
1 0.474392
1 0.044176
1 0.987303
1 0.101937
1 0.078552
1 0.956379
1 0.465051
1 0.059599
1 0.424816
1 0.243239
1 0.443775
1 0.798855
1 0.076311
1 0.378301
1 0.016054
1 0.999714
1 0.995752
1 0.998711
1 0.031190
1 0.049946
1 0.294530
1 0.933453
1 0.015644
1 0.995522
1 0.205939
1 0.990009
1 0.510640
1 0.990811
1 0.915423
1 0.570795
1 0.541412
1 0.676461
1 0.916672
1 0.100714
1 0.148108
1 0.308532
1 0.255884
1 0.999829
1 0.651782
1 0.280344
1 0.820145
1 0.067930
1 0.466578
1 0.039000
1 0.013850
1 0.887934
1 0.094762
1 0.901107
1 0.015344
1 0.703267
1 0.934969
1 0.291561
1 0.097002
1 0.010310
1 0.731679
1 0.824441
1 0.334759
1 0.730143
1 0.999854
1 0.988284
1 0.135101
1 0.968970
1 0.255610
1 0.058288
1 0.986079
1 0.654226
1 0.569580
1 0.188407
1 0.993778
1 0.031250
1 0.449145
1 0.997341
1 0.121217
1 0.583992
1 0.990503
1 0.002521
1 0.919799
1 0.948158
1 0.150498
1 0.084588
1 0.987487
1 0.991753
1 0.967392
1 0.052447
1 0.000558
1 0.913908
1 0.889691
1 0.843359
1 0.999888
1 0.999158
1 0.780466
1 0.473047
1 0.493470
1 0.088625
1 0.336183
1 0.068746
1 0.999290
1 0.005663
1 0.166993
1 0.005265
1 0.482725
1 0.970719
1 0.009915
1 0.999412
1 0.972549
1 0.747750
1 0.017037
1 0.913941
1 0.970744
1 0.019672
1 0.052279
1 0.075862
1 0.013025
1 0.488466
1 0.188412
1 0.086652
1 0.520350
1 0.963030
1 0.620122
1 0.112744
1 0.056090
1 0.963363
1 0.846137
1 0.782452
1 0.999497
1 0.876856
1 0.162264
1 0.156508
1 0.756426
1 0.713096
1 0.218571
1 0.274202
1 0.244398
1 0.390182
1 0.423233
1 0.988102
1 0.146816
1 0.999993
1 0.999929
1 0.522801
1 0.169651
1 0.265112
1 0.937715
1 0.188244
1 0.995407
1 0.062975
1 0.273290
1 0.945921
1 0.978351
1 0.833378
1 0.996182
1 0.999926
1 0.568982
1 0.995409
1 0.060476
1 0.003274
1 0.971609
1 0.996595
1 0.433429
1 0.827520
1 0.999880
1 0.080870
1 0.030986
1 0.967817
1 0.018535
1 0.997685
1 0.106494
1 0.160318
1 0.159545
1 0.809914
1 0.212228
1 0.007464
1 0.000845
1 0.152293
1 0.356930
1 0.981004
1 0.926809
1 0.027100
1 0.987313
1 0.876051
1 0.573926
1 0.138480
1 0.140147
1 0.217593
1 0.158722
1 0.981634
1 0.998984
1 0.024315
1 0.360008
1 0.414608
1 0.998017
1 0.059661
1 0.064948
1 0.033968
1 0.455052
1 0.998984
1 0.083633
1 0.521597
1 0.988576
1 0.996709
1 0.999862
1 0.056252
1 0.006761
1 0.429028
1 0.083101
1 0.778266
1 0.040679
1 0.264025
1 0.998103
1 0.422206
1 0.175477
1 0.982859
1 0.002945
1 0.586465
1 0.249987
1 0.057211
1 0.781101
1 0.923791
1 0.043308
1 0.596752
1 0.506499
1 0.952466
1 0.986352
1 0.965307
1 0.798555
1 0.998984
1 0.343470
1 0.034150
1 0.015302
1 0.336552
1 0.990339
1 0.999091
1 0.994700
1 0.125667
1 0.421654
1 0.908547
1 0.008243
1 0.859164
1 0.859915
1 0.991637
1 0.209026
1 0.749337
1 0.941996
1 0.722863
1 0.993427
1 0.040525
1 0.085044
1 0.932464
1 0.248989
1 0.392722
1 0.999993
1 0.999925
1 0.765932
1 0.053345
1 0.977537
1 0.991791
1 0.998523
1 0.794507
1 0.927783
1 0.006082
1 0.366969
1 0.993563
1 0.461850
1 0.996057
1 0.121374
1 0.324311
1 0.833675
1 0.075555
1 0.139988
1 0.229318
1 0.005153
1 0.795579
1 0.056563
1 0.868211
1 0.778081
1 0.907042
1 0.038608
1 0.965071
1 0.077595
1 0.989648
1 0.964987
1 0.024050
1 0.931082
1 0.524921
1 0.987980
1 0.955331
1 0.006260
1 0.054487
1 0.192165
1 0.751163
1 0.995173
1 0.022785
1 0.649273
1 0.218452
1 0.915666
1 0.453402
1 0.249779
1 0.997552
1 0.032000
1 0.606553
1 0.080440
1 0.382747
1 0.058849
1 0.913018
1 0.975876
1 0.997864
1 0.158240
1 0.994093
1 0.369581
1 0.999166
1 0.072862
1 0.682084
1 0.995596
1 0.956674
1 0.012943
1 0.053188
1 0.183038
1 0.739553
1 0.861739
1 0.998418
1 0.616273
1 0.338374
1 0.144507
1 0.027621
1 0.055616
1 0.960522
1 0.810418
1 0.087303
1 0.982465
1 0.877766
1 0.979031
1 0.999952
1 0.106843
1 0.938385
1 0.012854
1 0.221486
1 0.969438
1 0.374414
1 0.406212
1 0.334199
1 0.295054
1 0.139547
1 0.055400
1 0.049495
1 0.198011
1 0.090786
1 0.860941
1 0.425149
1 0.976658
1 0.391194
1 0.484744
1 0.009822
1 0.181233
1 0.756776
1 0.969318
1 0.091611
1 0.815944
1 1.000000
1 0.956246
1 0.464827
1 0.998555
1 0.601501
1 0.998627
1 0.949035
1 0.183470
1 0.139980
1 0.032012
1 0.689989
1 0.019683
1 0.071111
1 0.015187
1 0.810861
1 0.738496
1 0.154157
1 0.752658
1 0.616236
1 0.015560
1 0.872311
1 0.102525
1 0.279341
1 0.243366
1 0.068388
1 0.094666
1 0.986616
1 0.136929
1 0.573875
1 0.595109
1 0.999157
1 0.004294
1 0.427782
1 0.491815
1 0.908630
1 0.994642
1 0.129019
1 0.995351
1 0.136819
1 0.570746
1 0.999772
1 0.085581
1 0.701575
1 0.720226
1 0.593691
1 0.999995
1 0.408417
1 0.968516
1 0.004848
1 0.005881
1 0.701913
1 0.948709
1 0.999995
1 0.043212
1 0.547355
1 0.999756
1 0.332454
1 0.017098
1 0.990403
1 0.991173
1 0.876471
1 0.975774
1 0.995423
1 0.607520
1 0.922931
1 0.049675
1 0.869512
1 0.992139
1 0.999227
1 0.137169
1 0.016752
1 0.033517
1 0.379378
1 0.101924
1 0.058755
1 0.140456
1 0.047532
1 0.989604
1 0.045108
1 0.804188
1 0.238675
1 0.760617
1 0.283657
1 0.852827
1 0.042793
1 0.225302
1 0.157739
1 0.076919
1 0.014939
1 0.240637
1 0.437200
1 0.944290
1 0.941018
1 0.040721
1 0.882723
1 0.992198
1 0.076123
1 0.997475
1 0.336353
1 0.064387
1 0.106647
1 0.162842
1 0.018045
1 0.805888
1 0.999983
1 0.615379
1 0.634635
1 0.130948
1 0.097238
1 0.015488
1 0.501727
1 0.017675
1 0.994997
1 0.874843
1 0.999364
1 0.864156
1 0.073265
1 0.085245
1 0.654508
1 0.827185
1 0.593431
1 0.270629
1 0.778804
1 0.004807
1 0.539728
1 0.280623
1 0.388685
1 0.859539
1 0.094865
1 0.357608
1 0.036554
1 0.999905
1 0.144759
1 0.999644
1 0.003713
1 0.681725
1 0.993528
1 0.306403
1 0.999653
1 0.918166
1 0.997110
1 0.885815
1 0.054240
1 0.942283
1 0.832483
1 0.999827
1 0.999940
1 0.904469
1 0.075812
1 0.221663
1 0.006708
1 0.219628
1 0.929846
1 0.487125
1 0.998949
1 0.999796
1 0.879210
1 0.435880
1 0.520910
1 0.837990
1 0.741286
1 0.394153
1 0.040046
1 0.725814
1 0.000385
1 0.526141
1 0.972331
1 0.059473
1 0.243999
1 0.336168
1 0.054540
1 0.971966
1 0.432436
1 0.010328
1 0.982691
1 0.974496
1 0.940445
1 0.986335
1 0.014730
1 0.323717
1 0.036686
1 0.055819
1 0.962353
1 0.020342
1 0.526584
1 0.553420
1 0.144477
1 0.264138
1 0.000686
1 0.138102
1 0.017627
1 0.198612
1 0.460276
1 0.093305
1 0.876606
1 0.096408
1 1.000000
1 0.978235
1 0.051174
1 0.849415
1 0.998889
1 0.999766
1 0.982661
1 0.351580
1 0.046911
1 0.087363
1 0.071457
1 0.435274
1 0.999564
1 0.126921
1 0.949884
1 0.228529
1 0.999494
1 0.158028
1 0.030018
1 0.650728
1 0.060389
1 0.971515
1 0.990985
1 0.973685
1 0.998817
1 0.831048
1 0.983796
1 0.853663
1 0.999980
1 0.039896
1 0.103557
1 0.821989
1 0.563693
1 0.401190
1 0.568924
1 0.357961
1 0.700291
1 0.895573
1 0.952746
1 0.637231
1 0.998502
1 0.992058
1 0.693044
1 0.066181
1 0.196705
1 0.855311
1 0.514185
1 0.128977
1 0.401727
1 0.981519
1 0.714582
1 0.824551
1 0.311809
1 0.975516
1 0.908760
1 0.018341
1 0.967045
1 0.768595
1 0.224670
1 0.397401
1 0.530718
1 0.755463
1 0.962653
1 0.232777
1 0.973651
1 0.042975
1 0.959617
1 0.931476
1 0.387259
1 0.748957
1 0.289969
1 0.714625
1 0.392842
1 0.999411
1 0.990253
1 0.620547
1 0.964762
1 0.040610
1 0.047755
1 0.021114
1 0.019305
1 0.974198
1 0.996034
1 0.249761
1 0.951073
1 0.980977
1 0.105450
1 0.201336
1 0.979320
1 0.999993
1 0.064712
1 0.057162
1 0.586490
1 0.973661
1 0.009011
1 0.098412
1 0.134342
1 0.122719
1 0.183412
1 0.733164
1 0.322706
1 0.344514
1 0.917873
1 0.977877
1 0.005667
1 0.003468
1 0.999961
1 0.751211
1 0.073940
1 0.414167
1 0.016177
1 0.703151
1 0.556460
1 0.175568
1 0.998287
1 0.084738
1 0.406744
1 0.360987
1 0.331765
1 0.054871
1 0.013726
1 0.029330
1 0.978573
1 0.667409
1 0.008869
1 0.024560
1 0.403072
1 0.945872
1 0.186686
1 0.399434
1 0.780531
1 0.972916
1 0.999989
1 0.119594
1 0.105234
1 0.063564
1 0.503910
1 0.096421
1 0.979372
1 0.999920
1 0.905179
1 0.999653
1 0.129915
1 0.566136
1 0.082027
1 0.046811
1 0.231923
1 0.339130
1 0.052119
1 0.999944
1 0.977064
1 0.393805
1 0.986162
1 0.185351
1 0.799294
1 0.176257
1 0.064555
1 0.018287
1 0.768927
1 0.026365
1 0.062511
1 0.101617
1 0.237140
1 0.996758
1 0.478078
1 0.779601
1 0.634492
1 0.131261
1 0.002266
1 0.995459
1 0.201117
1 0.995440
1 0.191273
1 0.087588
1 0.923661
1 0.999967
1 0.857252
1 0.024076
1 0.981607
1 0.268979
1 0.076845
1 0.999841
1 0.048757
1 0.845082
1 0.414982
1 0.032291
1 0.024738
1 0.258543
1 0.667440
1 0.582729
1 0.056682
1 0.001108
1 0.124116
1 0.413727
1 0.365214
1 0.468065
1 0.409885
1 0.026356
1 0.990885
1 0.941448
1 0.277524
1 0.920422
1 0.033131
1 0.995594
1 0.622187
1 0.962154
1 0.539109
1 0.394703
1 0.998080
1 0.631587
1 0.814509
1 0.989682
1 0.319738
1 0.999807
1 0.137857
1 0.288500
1 0.457121
1 0.999959
1 0.319960
1 0.592855
1 0.777817
1 0.335970
1 0.956004
1 0.674596
1 0.703558
1 0.755498
1 0.154346
1 0.063350
1 0.026427
1 0.399001
1 0.587830
1 0.915060
1 0.999264
1 0.757842
1 0.044954
1 0.225600
1 0.999810
1 0.214926
1 0.558580
1 0.999624
1 0.964112
1 0.037466
1 0.081061
1 0.295434
1 0.143050
1 0.764784
1 0.104022
1 0.097769
1 0.377228
1 0.974546
1 0.239274
1 0.506216
1 0.074735
1 0.876433
1 0.094159
1 0.484176
1 0.854049
1 0.031750
1 0.999888
1 0.164455
1 0.164415
1 0.080603
1 0.395825
1 0.014604
1 0.989864
1 0.880982
1 0.096535
1 0.920640
1 0.339573
1 0.469146
1 0.436891
1 0.137257
1 0.042384
1 0.812714
1 0.073345
1 0.991711
1 0.228095
1 0.138902
1 0.987506
1 0.999914
1 0.002118
1 0.023786
1 0.837077
1 0.908687
1 0.162591
1 0.440782
1 0.029526
1 0.762986
1 0.027332
1 0.999959
1 0.022863
1 0.029067
1 0.393361
1 0.134942
1 0.999999
1 0.104879
1 0.948863
1 0.622074
1 0.404983
1 0.952060
1 0.937638
1 0.872195
1 0.989733
1 0.562133
1 0.001527
1 0.621973
1 0.245993
1 0.282750
1 0.001050
1 0.029692
1 0.995405
1 0.018044
1 0.713142
1 0.851995
1 0.023816
1 0.987959
1 0.036498
1 0.259158
1 0.309156
1 0.567124
1 0.246251
1 0.113831
1 0.976708
1 0.836980
1 0.842374
1 0.933088
1 0.028257
1 0.481534
1 0.073842
1 0.710946
1 0.215266
1 0.067080
1 0.472060
1 0.996252
1 0.018414
1 0.214842
1 0.060501
1 0.668112
1 0.966488
1 0.961552
1 0.412628
1 0.873850
1 0.025776
1 0.171975
1 0.983979
1 0.992549
1 0.981127
1 0.147508
1 0.978644
1 0.319828
1 0.979358
1 0.936080
1 0.990030
1 0.920101
1 0.050356
1 0.266004
1 0.943155
1 0.815369
1 0.079873
1 0.937025
1 0.033074
1 0.938588
1 0.993826
1 0.778535
1 0.374557
1 0.976236
1 0.064096
1 0.014382
1 0.060982
1 0.306394
1 0.263215
1 0.165543
1 0.995835
1 0.318257
1 0.192575
1 0.999225
1 0.004546
1 0.256686
1 0.935823
1 0.039085
1 0.282105
1 0.503175
1 0.478929
1 0.996772
1 0.720160
1 0.917538
1 0.181483
1 0.620009
1 0.749740
1 0.292987
1 0.473567
1 0.997650
1 0.993050
1 0.185132
1 0.803753
1 0.029827
1 0.256896
1 0.598861
1 0.004519
1 0.131838
1 0.994208
1 0.780082
1 0.013273
1 0.960433
1 0.087440
1 0.810371
1 0.903584
1 0.019255
1 0.987643
1 0.078334
1 0.027942
1 0.743570
1 0.261134
1 0.995300
1 0.998101
1 0.999983
1 0.165961
1 0.135882
1 0.183214
1 0.998300
1 0.449840
1 0.921470
1 0.146782
1 0.065034
1 0.412120
1 0.834964
1 0.220943
1 0.742589
1 0.038886
1 0.738970
1 0.613138
1 0.106423
1 0.021326
1 0.034748
1 0.054178
1 0.994537
1 0.999928
1 0.997579
1 0.008139
1 0.763620
1 0.226930
1 0.106585
1 0.989639
1 0.348776
1 0.620122
1 0.981760
1 0.390579
1 0.017701
1 0.998769
1 0.556653
1 0.004324
1 0.525190
1 0.999273
1 0.994902
1 0.577996
1 0.212950
1 0.423086
1 0.050379
1 0.004844
1 0.018512
1 0.159285
1 0.287058
1 0.091210
1 0.039042
1 0.261549
1 0.085163
1 0.818754
1 0.897179
1 0.999984
1 0.174955
1 0.999265
1 0.795434
1 0.049965
1 0.614970
1 0.274108
1 0.430084
1 0.623464
1 0.989055
1 0.012965
1 0.703283
1 0.941021
1 0.005735
1 0.586327
1 0.833435
1 0.068299
1 0.102499
1 0.884569
1 0.978687
1 0.391315
1 0.062936
1 0.993451
1 0.118654
1 0.775219
1 0.057542
1 0.033355
1 0.047862
1 0.035193
1 0.413737
1 0.999502
1 0.352905
1 0.484119
1 0.981040
1 0.805700
1 0.568990
1 0.049244
1 0.970616
1 0.028734
1 0.046452
1 0.490220
1 0.112199
1 0.752612
1 0.569420
1 0.955244
1 0.179713
1 0.060904
1 0.031813
1 0.490383
1 0.951089
1 0.041576
1 0.921163
1 0.034705
1 0.151626
1 0.983576
1 0.604212
1 0.801935
1 0.837198
1 0.976810
1 0.174468
1 0.438810
1 0.963222
1 0.681885
1 0.206307
1 0.995860
1 0.093146
1 0.997370
1 0.322477
1 0.846077
1 0.025236
1 0.962742
1 0.974744
1 0.039609
1 0.694678
1 0.999945
1 0.735735
1 0.983384
1 0.998985
1 0.005052
1 0.033402
1 0.045198
1 0.130304
1 0.415808
1 0.939874
1 0.997243
1 0.042702
1 0.066808
1 0.923047
1 0.981670
1 0.147180
1 0.175967
1 0.906845
1 0.706048
1 0.035406
1 0.163318
1 0.598726
1 0.040152
1 0.046825
1 0.171741
1 0.999611
1 0.021855
1 0.990802
1 0.873626
1 0.468747
1 0.875811
1 0.929145
1 0.070268
1 0.998620
1 0.136692
1 0.010506
1 0.955555
1 0.991191
1 0.982258
1 0.077696
1 0.773404
1 0.656567
1 0.162041
1 0.032474
1 0.999925
1 0.046359
1 0.890069
1 0.997523
1 0.821072
1 0.158635
1 0.861284
1 0.044285
1 0.910920
1 0.048974
1 0.999972
1 0.721954
1 0.291628
1 0.997588
1 0.003281
1 0.998902
1 0.773722
1 0.065330
1 0.999682
1 0.083000
1 0.027477
1 0.973834
1 0.590971
1 0.620993
1 0.995646
1 0.145044
1 0.608953
1 0.820008
1 0.750178
1 0.054543
1 0.737676
1 0.994749
1 0.675726
1 0.343613
1 0.016366
1 0.163720
1 0.791634
1 0.959371
1 0.992539
1 0.151552
1 0.215413
1 0.013031
1 0.025652
1 0.915040
1 0.077565
1 0.015422
1 0.018863
1 0.873561
1 0.353274
1 0.273632
1 0.015453
1 0.999995
1 0.188624
1 0.028112
1 0.028052
1 0.375428
1 0.005753
1 0.761058
1 0.891379
1 0.024474
1 0.291491
1 0.224790
1 0.609843
1 0.236367
1 0.725037
1 0.038650
1 0.008339
1 0.452006
1 0.075283
1 0.821584
1 0.848426
1 0.694160
1 0.290882
1 0.948676
1 0.882339
1 0.894678
1 0.973237
1 0.079291
1 0.114570
1 0.993340
1 0.269318
1 0.029198
1 0.317000
1 0.722574
1 0.870750
1 0.357474
1 0.854279
1 0.162415
1 0.563639
1 0.965342
1 0.458298
1 0.630675
1 0.108232
1 0.005328
1 0.870932
1 0.991359
1 0.002588
1 0.995878
1 0.890827
1 0.956630
1 0.045436
1 0.998858
1 0.019447
1 0.991742
1 0.825467
1 0.882912
1 0.004683
1 0.905509
1 0.294206
1 0.027590
1 0.072653
1 0.950871
1 0.023364
1 0.062536
1 0.029533
1 0.020204
1 0.030290
1 0.010736
1 0.032884
1 0.850523
1 0.883170
1 0.545782
1 0.474821
1 0.023128
1 0.033954
1 0.601797
1 0.239650
1 0.196375
1 0.536932
1 0.048465
1 0.130871
1 0.234146
1 0.858270
1 0.245134
1 0.961146
1 0.989992
1 0.685199
1 0.052215
1 0.681902
1 0.277460
1 0.434821
1 0.992925
1 0.006533
1 0.818247
1 0.478897
1 0.031812
1 0.397256
1 0.049131
1 0.057922
1 0.999509
1 0.007796
1 0.033507
1 0.478658
1 0.995334
1 0.037183
1 0.613216
1 0.374389
1 0.117417
1 0.995209
1 0.017781
1 0.655733
1 0.674406
1 0.028269
1 0.004984
1 0.989841
1 0.950006
1 0.042979
1 0.992522
1 0.079455
1 0.071902
1 0.387503
1 0.999497
1 0.004395
1 0.954869
1 0.036194
1 0.239187
1 0.076171
1 0.177115
1 0.804994
1 0.992684
1 0.113027
1 0.406365
1 0.827110
1 0.099498
1 0.995728
1 0.067476
1 0.998284
1 0.064676
1 0.006961
1 0.036492
1 0.959619
1 0.999586
1 0.041234
1 0.600166
1 0.274881
1 0.008116
1 0.183298
1 0.684327
1 0.905897
1 0.579610
1 0.888008
1 0.820574
1 0.011517
1 0.546459
1 0.674401
1 0.115577
1 0.066461
1 0.984963
1 0.892316
1 0.064028
1 0.374237
1 0.006597
1 0.389926
1 0.069842
1 0.936115
1 0.097754
1 0.998792
1 0.070080
1 0.970700
1 0.485646
1 0.827011
1 0.115879
1 0.477905
1 0.021293
1 0.865722
1 0.999959
1 0.680106
1 0.262553
1 0.998461
1 0.275631
1 0.027166
1 0.734634
1 0.202097
1 0.843933
1 0.050472
1 0.723929
1 0.744305
1 0.793166
1 0.194578
1 0.865559
1 0.891625
1 0.991499
1 0.530708
1 0.059539
1 0.806975
1 0.995965
1 0.328666
1 0.456514
1 0.946055
1 0.847665
1 0.714095
1 0.039540
1 0.985677
1 0.973936
1 0.018111
1 0.894520
1 0.999808
1 0.809381
1 0.917395
1 0.015066
1 0.527470
1 0.317670
1 0.254854
1 0.220707
1 0.983469
1 0.019494
1 0.000440
1 0.029666
1 0.171068
1 0.600078
1 0.281769
1 0.794840
1 0.127779
1 0.984164
1 0.253033
1 0.053874
1 0.021039
1 0.613201
1 0.159953
1 0.604716
1 0.938390
1 0.009119
1 0.994042
1 0.999999
1 0.851923
1 0.989751
